1896 15644 -20 -424 14 537 -81.00 230.48 -99.00 336 
1852 15504 504 -548 79 77 -79.00 229.81 -95.00 337 
1760 15812 508 -425 39 -35 -80.00 231.15 -97.00 337 
1940 15728 520 -402 -203 9 -81.00 229.14 -96.00 337 
1772 14940 396 -489 -293 -640 -80.00 231.82 -94.00 337 
1516 16204 840 -408 -160 -637 -84.00 229.14 -95.00 337 
1520 16428 744 -114 -624 492 -81.00 231.15 -94.00 337 
1720 15524 40 -56 -614 661 -81.00 229.81 -93.00 337 
1636 15808 152 -230 -165 90 -83.00 229.81 -96.00 337 
1628 17136 236 -331 -11 597 -84.00 230.48 -92.00 338 
1636 15968 264 -142 28 1136 -81.00 230.48 -95.00 337 
1640 15320 428 -520 215 240 -83.00 230.48 -94.00 337 
1636 15976 584 -632 76 -183 -82.00 229.81 -94.00 337 
1664 16376 432 -375 31 288 -81.00 231.15 -93.00 338 
1624 16048 520 -390 -60 713 -84.00 229.81 -93.00 337 
1680 15508 104 -572 20 275 -83.00 229.81 -96.00 337 
1368 15540 228 -683 11 -18 -83.00 231.82 -93.00 338 
1380 15764 268 -406 -8 566 -82.00 229.81 -95.00 337 
1448 15916 -4 -294 225 789 -82.00 229.14 -92.00 338 
1624 15660 204 -272 360 792 -82.00 230.48 -93.00 338 
1648 15860 256 -280 459 648 -80.00 230.48 -96.00 337 
1464 15564 308 -68 410 613 -82.00 229.81 -97.00 337 
1716 16160 376 -12 390 783 -84.00 229.81 -95.00 337 
1924 16212 484 -98 54 804 -83.00 231.15 -95.00 337 
1816 15956 52 -314 -188 554 -81.00 230.48 -97.00 337 
1484 15840 96 -438 -214 245 -81.00 229.81 -97.00 337 
1196 15448 508 -403 -241 -87 -81.00 231.15 -96.00 337 
1388 15032 544 -34 -437 -393 -80.00 229.14 -96.00 337 
1464 15724 384 -535 -551 -1061 -84.00 231.82 -95.00 337 
1456 16412 348 -651 -658 -796 -84.00 230.48 -93.00 338 
1496 16912 -216 -90 249 -305 -84.00 230.48 -96.00 337 
1388 16472 224 -489 -153 251 -87.00 230.48 -98.00 336 
1812 15440 148 -161 18 272 -85.00 229.14 -95.00 337 
1880 15880 -132 -802 175 -299 -85.00 231.15 -94.00 337 
2092 16188 4 -734 90 280 -88.00 229.81 -97.00 337 
1952 15276 168 -632 -19 768 -86.00 230.48 -98.00 336 
1712 15188 396 -403 15 788 -86.00 231.15 -93.00 338 
1864 15040 260 -348 -93 719 -87.00 230.48 -96.00 337 
1936 15172 388 -396 -231 355 -86.00 229.81 -95.00 337 
1716 15876 332 -394 -188 375 -86.00 231.15 -96.00 337 
1744 15744 124 -387 -330 570 -86.00 229.14 -94.00 337 
1360 15712 440 4 -236 552 -85.00 230.48 -94.00 337 
1508 16148 216 -138 -436 950 -86.00 231.15 -93.00 338 
1580 15820 152 -134 -329 608 -84.00 231.82 -93.00 338 
1432 16228 248 -420 -227 265 -85.00 230.48 -93.00 338 
1636 16600 428 -686 -521 714 -85.00 230.48 -94.00 337 
1408 15764 256 -513 -158 678 -86.00 231.15 -96.00 337 
1324 16668 668 -945 -33 310 -86.00 230.48 -93.00 338 
1608 16268 532 -986 -175 882 -86.00 229.14 -93.00 337 
1440 15968 480 -1193 58 920 -85.00 230.48 -96.00 337 
1492 15308 540 -945 -105 327 -83.00 231.15 -95.00 337 
1572 15368 688 -650 -315 -48 -82.00 230.48 -93.00 338 
1856 15836 120 -531 -472 -43 -83.00 232.49 -93.00 338 
1880 16012 -28 -642 -177 231 -84.00 230.48 -95.00 337 
1836 16048 304 -694 -107 171 -86.00 232.49 -92.00 338 
1808 15948 768 -524 -308 442 -86.00 231.15 -93.00 338 
1636 15496 84 -466 -298 448 -86.00 232.49 -92.00 338 
1444 15544 732 -570 -115 326 -83.00 231.15 -93.00 338 
1556 15628 476 -250 -78 364 -86.00 229.81 -94.00 337 
1652 16160 368 -282 -180 329 -87.00 231.15 -92.00 338 
1684 16048 172 -188 7 517 -87.00 230.48 -95.00 337 
1708 15764 364 -259 292 579 -84.00 231.82 -94.00 337 
216 14888 3200 -203 -260 -204 -85.00 231.15 -93.00 338 
1568 16064 264 -116 -40 502 -83.00 232.49 -94.00 337 
1536 15560 216 -58 334 803 -86.00 231.15 -93.00 338 
1220 14728 736 -412 825 -561 -87.00 230.48 -94.00 337 
1640 16536 1000 -731 -6 -447 -85.00 233.16 -95.00 337 
1828 16680 -128 -111 -649 964 -88.00 230.48 -93.00 338 
1660 15352 180 -7 -437 1255 -86.00 231.82 -95.00 337 
1720 15552 -320 -573 132 272 -85.00 230.48 -94.00 337 
1636 16584 372 -652 28 513 -88.00 232.49 -93.00 338 
1700 15996 136 -559 -25 880 -88.00 230.48 -95.00 337 
1652 15616 664 -799 -99 460 -85.00 231.82 -93.00 338 
1632 15836 424 -361 -260 196 -83.00 231.15 -93.00 338 
1456 16272 384 43 290 332 -82.00 233.16 -94.00 338 
1288 16028 816 262 283 706 -85.00 231.15 -94.00 337 
-620 15692 3560 -2118 -1230 832 -84.00 231.15 -95.00 337 
988 16140 2036 166 -119 -71 -84.00 230.48 -94.00 337 
1480 16644 -688 -396 -149 506 -84.00 231.15 -93.00 338 
2024 15240 -48 -742 -147 341 -87.00 231.15 -94.00 337 
1508 15840 20 -627 330 -243 -87.00 231.15 -91.00 338 
1384 16320 792 -585 35 296 -86.00 232.49 -94.00 337 
1664 15608 360 -304 -183 480 -86.00 231.82 -93.00 338 
1664 15840 508 -296 -250 275 -88.00 231.82 -93.00 338 
1812 16384 104 -549 -424 462 -85.00 231.82 -95.00 337 
1848 15800 -76 -662 -349 237 -85.00 230.48 -94.00 337 
1680 15508 376 -721 -316 66 -86.00 231.82 -93.00 338 
1388 15876 220 -534 -103 371 -86.00 231.15 -92.00 338 
1592 15492 444 -285 8 476 -85.00 230.48 -92.00 338 
1616 15504 340 -418 -27 50 -87.00 231.15 -92.00 338 
1508 16524 756 -424 -98 429 -84.00 231.15 -93.00 338 
1688 15688 136 -342 -180 763 -86.00 231.15 -93.00 338 
1524 15536 212 -528 -28 117 -85.00 229.81 -91.00 338 
1664 16476 404 -581 -2 466 -85.00 231.15 -92.00 338 
1580 15672 292 -269 4 814 -86.00 230.48 -94.00 337 
1600 15600 304 -411 35 327 -86.00 231.82 -94.00 337 
1656 15648 220 -476 114 -10 -86.00 233.16 -91.00 338 
1472 15976 652 -478 186 -45 -84.00 231.82 -94.00 337 
1384 16088 372 -329 40 523 -86.00 231.15 -92.00 338 
1608 15560 284 -295 126 518 -85.00 231.82 -93.00 338 
1612 15672 -8 -551 61 143 -85.00 229.14 -95.00 337 
1700 16264 208 -515 58 288 -83.00 231.82 -92.00 338 
1616 16152 144 -366 29 619 -86.00 230.48 -95.00 337 
1556 15428 408 -540 26 313 -85.00 230.48 -92.00 338 
1436 15784 168 -501 175 121 -85.00 231.82 -92.00 338 
1508 15800 452 -273 59 277 -86.00 231.82 -93.00 338 
1592 15760 388 -51 -22 523 -87.00 231.82 -95.00 337 
1464 15888 308 -164 -93 600 -86.00 231.15 -93.00 338 
1612 15776 280 -271 -117 414 -84.00 231.15 -90.00 338 
1576 15804 248 -355 -118 271 -86.00 229.81 -93.00 337 
1568 16088 476 -201 -20 399 -87.00 228.47 -95.00 337 
1464 15804 196 -199 -127 423 -84.00 231.82 -93.00 338 
1412 15664 164 -377 -148 407 -86.00 231.15 -92.00 338 
1388 15668 332 -375 -196 265 -84.00 229.81 -92.00 338 
1504 15880 212 -311 -124 495 -87.00 231.15 -94.00 337 
1732 15812 112 -330 -39 424 -85.00 231.15 -94.00 337 
1760 16396 596 -671 48 257 -84.00 231.15 -93.00 338 
1404 15924 784 -509 -251 761 -84.00 228.47 -93.00 337 
1500 15024 264 -528 -232 511 -85.00 231.15 -93.00 338 
1500 15628 272 -236 -83 231 -83.00 230.48 -95.00 337 
1464 15916 204 -107 -128 473 -84.00 231.15 -93.00 338 
1488 15776 160 -129 -121 378 -84.00 231.82 -93.00 338 
1768 16048 -84 -269 -125 296 -85.00 230.48 -93.00 338 
1480 16212 348 -321 -90 478 -83.00 231.15 -93.00 338 
1460 15900 68 -411 -176 504 -83.00 230.48 -93.00 338 
1520 15836 276 -531 -168 168 -86.00 231.15 -92.00 338 
1608 16012 428 -757 -191 4 -84.00 232.49 -94.00 337 
1456 15928 356 -637 -82 185 -84.00 229.81 -92.00 338 
1364 15796 200 -575 -124 189 -86.00 229.81 -93.00 337 
1348 16220 224 -333 -179 613 -86.00 231.15 -93.00 338 
1456 15552 128 -179 -61 663 -85.00 232.49 -92.00 338 
1564 15556 -12 -220 -8 229 -84.00 229.81 -93.00 337 
1572 16556 204 -12 115 607 -83.00 231.15 -94.00 337 
1756 16584 -92 -159 179 1417 -85.00 231.15 -92.00 338 
1636 17556 336 558 402 3507 -83.00 231.15 -91.00 338 
1708 14540 648 695 343 3877 -81.00 231.82 -91.00 338 
1828 14024 -132 -243 252 1214 -79.00 231.82 -94.00 337 
1836 15808 536 -339 296 519 -78.00 231.82 -92.00 338 
1932 15636 4 -304 109 485 -79.00 229.14 -92.00 338 
2100 15296 300 -519 14 -193 -76.00 231.15 -93.00 338 
1884 15776 172 -614 -84 -326 -77.00 231.15 -93.00 338 
1840 16056 280 -663 -370 -405 -80.00 232.49 -94.00 337 
1728 16116 232 -468 -179 -70 -79.00 231.82 -91.00 338 
1840 15604 -220 -567 -173 -71 -80.00 230.48 -92.00 338 
1828 16156 140 -756 -44 -181 -81.00 231.82 -92.00 338 
1776 16268 172 -364 -295 707 -80.00 229.14 -92.00 338 
1920 15516 16 -557 -309 832 -83.00 232.49 -90.00 338 
1760 16128 424 -879 -112 -77 -80.00 230.48 -92.00 338 
1684 16068 188 -440 -226 525 -81.00 229.81 -91.00 338 
1672 15896 280 -211 -204 865 -82.00 231.82 -92.00 338 
1732 15856 172 -184 -324 895 -81.00 229.81 -92.00 338 
1684 15564 -40 -544 -257 588 -81.00 232.49 -91.00 338 
1872 16128 72 -496 -212 439 -81.00 231.15 -92.00 338 
1992 15740 112 -311 -76 736 -78.00 232.49 -92.00 338 
1668 16112 176 -290 41 674 -77.00 231.82 -93.00 338 
1716 15772 388 -52 -165 918 -78.00 230.48 -91.00 338 
1924 15240 144 -191 -180 493 -79.00 233.16 -91.00 338 
1952 15984 240 -187 -196 223 -78.00 231.82 -94.00 337 
1768 16112 264 -75 -362 827 -80.00 231.82 -90.00 338 
1744 15564 36 -59 -259 1056 -79.00 231.82 -89.00 339 
1716 15256 -76 -217 -71 676 -78.00 232.49 -90.00 338 
1760 15568 -252 -299 2 467 -77.00 231.82 -91.00 338 
1772 16388 68 -440 88 829 -77.00 232.49 -92.00 338 
1864 15536 -88 -619 5 826 -76.00 230.48 -92.00 338 
2000 16036 0 -603 240 528 -76.00 232.49 -91.00 338 
1972 16296 264 -430 342 579 -80.00 231.15 -93.00 338 
1936 15732 404 -363 162 619 -75.00 231.15 -93.00 338 
1968 15736 288 -459 18 422 -76.00 231.82 -92.00 338 
2072 16156 -128 -494 -144 493 -75.00 231.15 -94.00 337 
2164 16032 -128 -325 -61 960 -76.00 232.49 -92.00 338 
2036 15588 -144 -319 -11 889 -79.00 232.49 -92.00 338 
1892 15348 208 -388 104 403 -75.00 231.82 -91.00 338 
1844 15576 340 -382 -24 464 -77.00 232.49 -91.00 338 
1968 15760 -40 -384 -202 453 -77.00 232.49 -92.00 338 
1932 15932 128 -330 -265 666 -74.00 233.83 -92.00 338 
1868 15744 -88 -328 -180 750 -76.00 231.82 -92.00 338 
2096 15808 -236 -551 -13 460 -76.00 231.82 -93.00 338 
2124 16520 -296 -664 70 602 -74.00 233.16 -93.00 338 
1992 15876 296 -635 2 1055 -77.00 232.49 -90.00 338 
1800 15460 352 -838 167 557 -75.00 232.49 -93.00 338 
2032 16084 232 -879 183 422 -74.00 232.49 -91.00 338 
1960 15968 500 -820 25 758 -74.00 231.82 -93.00 338 
1864 15540 244 -991 -76 715 -74.00 233.16 -92.00 338 
2100 15660 96 -945 -49 855 -73.00 233.16 -92.00 338 
2120 15764 -120 -764 101 993 -72.00 232.49 -93.00 338 
2004 15828 -20 -739 308 972 -73.00 231.82 -93.00 338 
2104 15660 8 -628 249 807 -74.00 233.16 -91.00 338 
2356 15532 180 -543 201 509 -73.00 232.49 -94.00 337 
2148 16272 588 -468 -47 666 -72.00 231.15 -95.00 337 
2248 15884 340 -236 -288 1203 -72.00 233.16 -93.00 338 
1876 15004 204 -233 -308 939 -75.00 233.16 -96.00 337 
2028 15344 -196 -280 -210 630 -72.00 232.49 -93.00 338 
2008 15940 -20 -333 -97 630 -71.00 232.49 -92.00 338 
2064 15988 124 -348 -93 988 -73.00 232.49 -92.00 338 
2216 16060 240 -477 85 977 -72.00 231.82 -94.00 337 
2004 15876 324 -463 134 931 -74.00 233.16 -92.00 338 
2024 15656 344 -561 238 819 -72.00 234.50 -93.00 338 
1916 15440 300 -506 104 617 -71.00 231.82 -94.00 337 
1880 15456 336 -436 119 472 -72.00 233.83 -92.00 338 
1984 15768 -76 -397 196 375 -72.00 233.16 -95.00 337 
1948 16184 248 -150 257 897 -73.00 234.50 -95.00 337 
1932 15360 264 -92 422 953 -73.00 234.50 -92.00 338 
1668 15472 424 -200 485 670 -72.00 234.50 -95.00 337 
1724 15624 444 -202 313 935 -72.00 233.83 -93.00 338 
1884 16048 -32 -184 338 1442 -72.00 235.17 -96.00 337 
1760 16000 -120 -234 439 1525 -71.00 233.16 -91.00 338 
1924 15712 -236 -322 582 1447 -74.00 234.50 -96.00 337 
1992 15792 8 -442 774 1527 -69.00 233.83 -95.00 337 
1884 16196 196 -471 703 1660 -69.00 235.17 -98.00 337 
1808 15380 24 -468 452 1576 -70.00 235.17 -97.00 337 
1648 15304 208 -372 454 1260 -70.00 234.50 -98.00 337 
1664 16032 -132 -376 320 1407 -70.00 233.83 -97.00 337 
1684 15692 -136 -262 165 1665 -67.00 234.50 -98.00 337 
1776 15984 -100 -368 322 1697 -68.00 235.84 -99.00 337 
1944 15944 -312 -366 455 1842 -67.00 235.84 -99.00 337 
2036 15852 -368 -428 688 1620 -67.00 237.85 -101.00 336 
1784 15640 -292 -606 790 1250 -68.00 235.84 -99.00 337 
1952 16052 -224 -724 878 1375 -67.00 235.84 -100.00 337 
1940 16052 -124 -686 799 1740 -68.00 236.51 -101.00 336 
2004 15660 -168 -636 770 1664 -68.00 236.51 -103.00 336 
1996 15148 -396 -337 1007 1172 -70.00 235.84 -103.00 336 
2512 14588 500 -347 1219 982 -69.00 237.18 -103.00 336 
3152 15420 940 292 844 1280 -67.00 236.51 -103.00 336 
3540 15984 856 872 275 1017 -68.00 237.85 -106.00 335 
3616 16284 880 1490 -119 453 -69.00 237.18 -104.00 336 
3388 15940 532 2317 -162 279 -72.00 238.52 -105.00 336 
3460 15724 516 2251 332 -207 -73.00 236.51 -105.00 336 
3760 17260 548 1488 645 -909 -76.00 237.18 -104.00 336 
3928 18736 524 425 1032 -1116 -77.00 237.85 -106.00 335 
3760 18144 1148 -467 1357 -611 -81.00 236.51 -106.00 335 
2616 15716 1180 -1020 1141 245 -83.00 236.51 -105.00 336 
2052 14832 2132 -962 418 1484 -82.00 235.84 -107.00 335 
1672 13952 1208 -342 -163 2560 -86.00 236.51 -109.00 335 
1276 15432 1712 -615 408 2381 -84.00 236.51 -107.00 335 
1144 16920 -228 -494 1973 3138 -82.00 236.51 -109.00 335 
1068 15180 396 93 2929 2986 -83.00 237.18 -109.00 335 
524 14968 2148 -367 3084 1344 -80.00 237.85 -110.00 335 
-856 15556 3580 -362 2269 424 -82.00 237.18 -110.00 335 
-1652 15204 2748 -69 1026 495 -82.00 237.85 -113.00 334 
-1744 14776 2924 151 -383 167 -86.00 237.18 -115.00 334 
-1676 14236 2576 -427 -1669 -378 -89.00 237.18 -114.00 334 
-1012 15616 1048 31 -2940 -384 -89.00 239.19 -113.00 334 
-512 16764 160 1452 -3162 820 -95.00 237.85 -113.00 334 
-760 15984 292 1254 -2638 -171 -95.00 240.53 -112.00 335 
-904 16520 1072 659 -2907 -962 -98.00 240.53 -108.00 335 
-680 16932 1412 341 -3452 -929 -101.00 242.54 -104.00 336 
-180 16472 1004 344 -3919 -416 -106.00 243.88 -102.00 337 
-220 17580 956 -296 -4126 307 -107.00 244.55 -101.00 337 
548 18032 560 -1032 -4427 1275 -114.00 246.56 -97.00 338 
1636 18612 136 -2087 -4388 1776 -115.00 247.23 -95.00 338 
2220 18416 -168 -2551 -4354 1603 -117.00 247.90 -93.00 339 
2180 15744 12 -2328 -3929 801 -118.00 251.92 -91.00 340 
1904 14792 -64 -1205 -3098 1057 -121.00 251.92 -88.00 340 
2592 13328 -80 225 -2913 474 -122.00 252.59 -85.00 341 
2948 14888 -1376 356 -2612 -1118 -124.00 253.93 -81.00 342 
3332 15736 -2052 263 -2588 -2174 -129.00 255.27 -81.00 342 
2864 16016 -2612 49 -2395 -2803 -134.00 255.94 -80.00 342 
2924 15564 -2128 -538 -2089 -3096 -139.00 257.28 -76.00 343 
3340 15660 -2256 -1781 -2541 -3750 -145.00 255.94 -74.00 343 
3144 16072 -2248 -2873 -3124 -3381 -151.00 257.28 -73.00 344 
1928 14544 -2048 -2744 -3170 -2023 -157.00 257.28 -71.00 344 
1312 13956 -2256 -2142 -2735 -1577 -162.00 257.28 -70.00 344 
1292 14956 -2492 -873 -1871 -1546 -167.00 258.62 -68.00 345 
1408 14976 -3092 303 -1299 -1794 -170.00 258.62 -67.00 345 
628 15396 -2704 785 -795 -1540 -176.00 258.62 -67.00 345 
-36 17384 -2004 780 -1132 -829 -181.00 261.30 -68.00 345 
-516 18400 -1976 201 -1781 71 -186.00 259.29 -64.00 346 
-936 19348 -1452 -555 -2021 628 -188.00 261.97 -64.00 346 
-936 19760 -1888 -1065 -1461 959 -191.00 261.30 -60.00 347 
-1372 20356 -2088 -1870 -274 1847 -191.00 263.31 -61.00 346 
-1308 19848 -1620 -2584 1042 2825 -197.00 265.32 -61.00 347 
-1324 19188 -1340 -1684 2221 3857 -198.00 268.00 -63.00 346 
-572 19172 -32 -1871 2842 3765 -197.00 268.67 -62.00 347 
-968 18888 1264 -2196 2394 3045 -198.00 272.02 -67.00 346 
-508 18288 1088 -2199 2526 2569 -194.00 272.69 -68.00 346 
-484 16056 1008 -2745 3460 1001 -198.00 275.37 -71.00 345 
-296 13440 1220 -2854 4027 -589 -202.00 276.71 -75.00 344 
544 10872 1516 -2686 3408 -2784 -204.00 278.05 -80.00 343 
1404 11328 1900 -2594 2216 -2737 -211.00 279.39 -80.00 344 
2240 12176 500 -2760 660 -947 -216.00 277.38 -89.00 342 
880 12584 1692 -2832 1560 -2021 -222.00 277.38 -86.00 342 
2992 14444 2500 -1945 3562 -3463 -227.00 278.72 -90.00 342 
6140 16720 5268 -1315 4954 -4323 -236.00 280.73 -95.00 341 
6756 19500 6132 -2068 4642 -5508 -241.00 278.05 -97.00 340 
5256 16732 5128 -1790 3201 -5264 -253.00 276.04 -101.00 339 
3176 15244 3840 11 3142 -3221 -259.00 276.71 -104.00 339 
2068 17700 2496 779 4200 403 -267.00 277.38 -108.00 338 
1056 19964 1516 403 5652 1787 -275.00 274.03 -109.00 338 
1320 20756 -32 -852 7226 3162 -277.00 276.71 -112.00 337 
1908 17760 -936 -93 7911 4289 -279.00 278.05 -118.00 337 
1500 16140 788 280 7116 3437 -281.00 278.72 -125.00 335 
-300 15996 4832 98 3913 2486 -285.00 280.06 -129.00 335 
-2664 16416 3756 -928 -1877 1532 -288.00 280.73 -134.00 334 
-3788 13960 76 -2911 -3316 2277 -290.00 282.74 -131.00 335 
-3172 11820 -3352 -3157 -2667 3902 -294.00 284.75 -134.00 334 
-808 8140 -6276 -2593 -1524 657 -296.00 287.43 -134.00 335 
-1100 8624 -6824 -2635 -1906 -6798 -297.00 290.78 -135.00 335 
-3672 11800 -5784 -1393 -1867 -11396 -309.00 290.78 -133.00 335 
-4628 16356 20 -546 -3981 -6895 -324.00 284.08 -136.00 334 
-2268 15312 -576 964 -7526 814 -339.00 280.06 -135.00 334 
-3488 12756 -1348 1591 -8867 -2248 -348.00 280.73 -129.00 335 
-424 20132 -3880 4517 -9393 -4423 -356.00 282.07 -123.00 336 
1224 21936 -2448 6246 -8543 41 -371.00 281.40 -115.00 337 
3836 19860 -1304 6069 -8516 4357 -379.00 280.06 -107.00 339 
5380 25128 -2072 4052 -10247 8794 -382.00 282.74 -97.00 341 
6464 18960 -3756 2318 -7958 7030 -386.00 287.43 -87.00 343 
6596 16356 -3576 2330 -4354 1077 -384.00 294.80 -81.00 344 
6072 15100 -580 1843 451 -1731 -387.00 294.80 -75.00 345 
6088 14548 2056 1117 2812 -2550 -394.00 292.79 -72.00 346 
6856 16256 2780 662 3556 -293 -400.00 288.77 -77.00 345 
5580 12168 1584 678 5465 402 -411.00 286.09 -79.00 344 
3396 9736 2108 967 7284 -4356 -412.00 282.74 -84.00 343 
1448 8940 1876 -46 10034 -11100 -418.00 277.38 -90.00 342 
492 12048 10200 -3020 9299 -11787 -430.00 267.33 -94.00 340 
3744 20356 8372 -3816 791 -2046 -445.00 252.59 -103.00 337 
-1044 14012 2184 -3026 -2373 1373 -452.00 244.55 -112.00 335 
2060 14812 -4716 -1647 2330 -3480 -452.00 241.87 -114.00 334 
2792 17916 -1236 -89 10332 -2628 -454.00 238.52 -118.00 333 
2852 19292 276 1326 11587 7 -461.00 231.82 -126.00 331 
3640 19468 4 94 10624 801 -464.00 222.44 -129.00 329 
3980 22628 -3116 -3068 7524 -393 -465.00 218.42 -138.00 327 
676 19644 -2168 -3439 3947 2533 -465.00 211.72 -145.00 325 
-3096 13388 -1912 -2854 205 4483 -464.00 209.04 -152.00 323 
-4144 6440 -5772 795 -176 554 -461.00 208.37 -157.00 323 
-4376 4180 -5740 1191 3526 -6974 -457.00 208.37 -156.00 323 
-3748 6320 -2732 152 2272 -13183 -460.00 200.33 -161.00 321 
-4964 10116 -3700 832 -1041 -13011 -471.00 185.59 -162.00 318 
-4808 15400 6140 -840 -4554 -8618 -481.00 170.85 -163.00 316 
1588 27452 7232 1536 -13442 7844 -488.00 158.79 -164.00 314 
980 21008 -6740 5137 -14135 8542 -486.00 162.81 -161.00 315 
9676 20916 -9456 -117 -5090 889 -481.00 172.86 -150.00 319 
11536 22944 -15124 -529 4699 -3496 -480.00 174.87 -147.00 319 
5324 18560 -3920 -763 14319 -3771 -478.00 169.51 -150.00 318 
752 17548 7924 -1348 11483 -4370 -481.00 158.79 -156.00 315 
-1184 17924 8096 -1702 2965 -1533 -482.00 147.40 -164.00 311 
-76 15580 5048 -2009 -1856 3750 -482.00 141.37 -167.00 310 
2436 13860 2484 -1809 -5353 7417 -479.00 140.70 -170.00 309 
6232 12760 -2140 -1629 -4904 6516 -475.00 146.06 -168.00 311 
6756 14844 -4020 -1916 -1922 3478 -471.00 152.76 -169.00 312 
4196 16228 -2728 -3840 1167 490 -465.00 155.44 -171.00 312 
2276 16800 1960 -5194 1205 384 -461.00 155.44 -174.00 311 
1084 13456 1928 -5918 -289 1011 -460.00 152.09 -179.00 310 
2148 11868 1924 -5739 -251 236 -456.00 152.09 -186.00 309 
3836 17456 -88 -3927 395 1347 -448.00 151.42 -192.00 308 
3384 17308 1216 -954 2494 3819 -445.00 150.08 -197.00 307 
4672 16816 3884 1085 2831 5481 -442.00 150.75 -199.00 307 
4416 16512 2696 1702 3193 4501 -438.00 151.42 -198.00 307 
4604 17568 1352 2166 4507 1734 -434.00 153.43 -201.00 307 
4228 17016 1528 2570 6078 1237 -435.00 153.43 -200.00 307 
4728 17260 3364 3600 5116 978 -433.00 150.08 -203.00 306 
6900 22144 -1356 4084 5001 2784 -437.00 146.06 -201.00 306 
5804 17696 -132 3206 7821 2827 -437.00 146.73 -200.00 306 
5752 16728 1716 1960 7420 -421 -437.00 144.05 -198.00 306 
5156 18812 400 413 6839 -1566 -436.00 140.70 -196.00 305 
3632 18216 2860 -783 6317 169 -437.00 138.02 -201.00 304 
2716 17132 5676 -1055 1705 2718 -438.00 133.33 -201.00 303 
2956 14444 4680 -642 -3099 3784 -437.00 133.33 -202.00 303 
3260 14292 172 -543 -4045 2661 -433.00 137.35 -205.00 303 
4736 12104 -2520 -457 -1487 943 -429.00 141.37 -199.00 305 
3612 12196 -2976 241 1208 -1639 -431.00 143.38 -200.00 305 
2768 13812 -1336 1330 3717 -2328 -433.00 141.37 -201.00 305 
2128 16728 972 2120 3818 316 -432.00 137.35 -199.00 304 
1100 16072 2104 2641 2187 3048 -433.00 136.01 -198.00 304 
764 14504 1908 3142 -482 4168 -431.00 136.01 -196.00 304 
1852 12832 -468 3984 -1431 3644 -436.00 139.36 -198.00 305 
2212 13820 -1552 3817 -295 1574 -433.00 141.37 -192.00 306 
2268 17108 -1292 3707 778 1693 -437.00 144.05 -190.00 307 
2576 17356 -164 3277 1287 2840 -438.00 144.72 -186.00 307 
2644 15076 -668 1503 1223 2429 -440.00 146.73 -183.00 308 
2464 15384 16 -240 1000 875 -438.00 146.73 -181.00 309 
1684 16988 364 -339 595 1785 -439.00 146.73 -182.00 308 
2240 16116 -712 -303 119 2506 -439.00 146.06 -180.00 309 
2592 15360 -1120 -1079 -87 756 -438.00 148.07 -180.00 309 
2204 16456 -608 -2052 17 -698 -435.00 150.08 -181.00 309 
1312 17896 48 -994 -470 1252 -436.00 150.08 -183.00 309 
1228 14640 -260 -105 -779 2300 -436.00 148.74 -183.00 309 
1624 14348 -604 -161 -1021 893 -434.00 151.42 -184.00 309 
1676 15504 -1268 -508 -827 14 -433.00 151.42 -182.00 309 
1596 17012 -1288 -650 -119 47 -434.00 152.09 -180.00 310 
1900 16460 -1872 -770 500 725 -436.00 152.09 -183.00 309 
2028 15968 -1516 -1043 1385 516 -435.00 152.76 -181.00 310 
1968 15652 -472 -915 1184 -56 -432.00 150.08 -183.00 309 
2056 16820 -1060 -1086 1206 -279 -434.00 151.42 -184.00 309 
2124 17368 -1080 -1433 1762 550 -432.00 149.41 -185.00 308 
2016 15772 -364 -1528 2076 404 -434.00 148.74 -188.00 308 
2036 15088 -64 -1409 1903 -346 -432.00 150.08 -186.00 308 
2028 15564 -292 -708 1862 -527 -431.00 148.74 -189.00 308 
2020 15644 -24 -125 2102 -127 -430.00 146.06 -190.00 307 
2124 15952 -576 135 2934 -226 -435.00 144.72 -192.00 307 
2160 16444 108 -238 3532 -739 -431.00 143.38 -191.00 306 
2144 17024 224 -821 4134 -793 -433.00 140.03 -192.00 306 
2368 16696 584 -1438 4850 -402 -432.00 138.02 -192.00 305 
2460 16320 540 -1679 5622 -331 -434.00 137.35 -194.00 305 
2256 15352 1136 -2179 6581 -996 -432.00 131.99 -197.00 303 
2104 16036 1844 -2069 6917 -1333 -435.00 128.64 -201.00 302 
2344 16172 1268 -1448 7221 -608 -431.00 125.96 -202.00 301 
2240 15408 1304 -1377 7774 -765 -433.00 119.93 -207.00 300 
2156 15880 380 -843 8602 -625 -433.00 117.25 -209.00 299 
2280 14988 1020 -151 9085 -546 -434.00 111.22 -211.00 297 
2568 15092 708 -426 9754 -1471 -430.00 105.86 -214.00 296 
2620 15972 492 -462 10483 -1533 -432.00 100.50 -214.00 295 
2128 14932 1116 -334 11148 -1908 -431.00 95.14 -215.00 293 
2676 15432 388 233 11543 -1677 -435.00 86.43 -216.00 291 
2476 16428 716 274 11982 -1670 -434.00 79.73 -219.00 290 
2628 16568 592 772 12478 -862 -436.00 73.70 -220.00 288 
2396 15112 908 767 12399 -725 -437.00 64.99 -219.00 286 
2168 15288 424 189 12409 -1949 -439.00 60.30 -217.00 285 
2620 15832 272 101 12514 -2154 -441.00 50.92 -220.00 283 
2684 16592 180 110 13044 -1750 -442.00 44.89 -220.00 281 
2104 16048 -40 80 13248 -1814 -443.00 35.51 -218.00 279 
2516 17172 -432 -16 13605 -1041 -443.00 28.81 -219.00 277 
2056 16192 -920 -668 13688 -434 -446.00 20.10 -218.00 275 
2260 16120 -1084 -1058 13929 -382 -447.00 14.74 -219.00 273 
2300 15908 -1084 -1225 14477 -300 -448.00 6.70 -219.00 271 
2212 16528 -1144 -1193 15154 357 -447.00 1.34 -219.00 270 
1748 15624 -544 -1356 15144 894 -448.00 -6.03 -220.00 268 
1984 15660 -1192 -1787 15513 526 -450.00 -12.73 -218.00 266 
1960 15816 -864 -2308 15475 487 -447.00 -18.09 -217.00 265 
1904 15204 -1052 -2576 15226 86 -449.00 -26.13 -219.00 263 
1652 14996 -988 -2357 15226 -458 -449.00 -34.17 -219.00 261 
1816 15452 -1476 -2182 15313 -871 -448.00 -42.21 -222.00 259 
2048 17248 -2264 -2132 15497 -297 -449.00 -50.25 -220.00 257 
2348 16668 -2880 -2504 15381 520 -449.00 -59.63 -220.00 254 
1900 15764 -2992 -2418 15760 464 -448.00 -67.00 -219.00 252 
1612 16072 -3172 -1862 16617 439 -449.00 -71.69 -220.00 251 
1532 15652 -2100 -1404 16887 473 -450.00 -81.74 -216.00 249 
1556 15092 -2040 -1655 17053 -421 -449.00 -89.78 -215.00 247 
1612 15564 -2144 -2007 17128 -733 -450.00 -99.16 -210.00 244 
1428 16272 -2180 -1863 17373 -54 -453.00 -108.54 -208.00 242 
1500 16360 -2212 -1427 17590 1077 -452.00 -117.25 -204.00 240 
1608 15508 -3044 -1119 18358 775 -451.00 -127.30 -200.00 237 
1888 15536 -2740 -1395 19169 -205 -454.00 -134.00 -193.00 235 
2020 16108 -2552 -1706 19478 -566 -455.00 -144.72 -188.00 232 
1928 16316 -2560 -2046 19232 -760 -453.00 -154.77 -180.00 229 
1740 16700 -2980 -2422 19277 -795 -455.00 -163.48 -173.00 226 
1724 15860 -3368 -2762 19590 -879 -454.00 -173.53 -166.00 223 
1596 16880 -2940 -2427 20512 396 -456.00 -182.91 -160.00 221 
1640 15184 -2812 -2200 20300 469 -455.00 -191.62 -150.00 218 
1456 15648 -1748 -2732 19868 -421 -455.00 -198.99 -144.00 215 
1804 16056 -2440 -2982 19626 -314 -455.00 -207.03 -134.00 212 
2016 16144 -2424 -2858 19424 116 -459.00 -214.40 -122.00 209 
2312 15584 -2576 -2460 19271 440 -458.00 -219.76 -114.00 207 
2064 14992 -3024 -2341 19272 -50 -460.00 -225.79 -103.00 204 
1952 15476 -2460 -1644 19194 479 -460.00 -232.49 -93.00 201 
2456 15060 -2756 -639 18843 1573 -462.00 -237.85 -84.00 199 
2312 14732 -2864 32 18603 1782 -464.00 -239.86 -70.00 196 
2212 14880 -3356 450 19076 1362 -467.00 -244.55 -59.00 193 
1668 14600 -2000 932 18557 851 -469.00 -245.22 -44.00 190 
1976 15356 -2072 1240 17732 822 -472.00 -247.23 -30.00 186 
1384 14080 -1260 961 16433 -55 -474.00 -247.90 -17.00 183 
1668 15724 -1556 950 14947 -1054 -475.00 -247.23 -4.00 180 
1764 17760 -1992 792 13815 241 -473.00 -250.58 8.00 178 
1108 17924 -1796 635 12354 2423 -474.00 -251.25 20.00 175 
276 16128 -580 -299 10431 2309 -477.00 -249.24 31.00 172 
88 16080 -1328 -1077 8801 1403 -480.00 -246.56 41.00 170 
-868 17576 -2896 -965 8817 2234 -482.00 -244.55 45.00 169 
-968 15740 -2996 -616 9559 2882 -487.00 -241.87 53.00 167 
-604 14584 -3380 -1085 10511 1377 -488.00 -237.18 57.00 166 
-412 16616 -3592 -609 11782 2139 -488.00 -233.16 64.00 164 
-52 16496 -1848 -8 11556 4029 -492.00 -229.81 71.00 162 
-908 14144 -1840 -448 10082 3016 -496.00 -222.44 78.00 160 
-2056 14368 -956 -1071 9125 1938 -496.00 -217.75 86.00 158 
-1832 15184 -952 -1453 7762 1177 -499.00 -213.73 90.00 157 
-1964 17064 -208 -1851 6482 1700 -498.00 -211.05 95.00 155 
-2116 16312 -328 -1835 4877 2998 -502.00 -207.70 96.00 155 
-3612 13296 -960 -1813 4036 2896 -503.00 -203.68 99.00 154 
-3128 15088 -380 -1479 4041 3246 -505.00 -198.99 99.00 153 
-3044 16652 -1080 -671 3834 3802 -508.00 -194.97 104.00 151 
-2504 16596 -1252 35 4392 4475 -511.00 -191.62 104.00 151 
-1780 15712 -560 435 4355 3420 -510.00 -185.59 106.00 150 
-1124 16840 -1436 783 4927 2920 -514.00 -181.57 110.00 148 
-996 17192 748 694 4402 2284 -514.00 -178.22 112.00 147 
-1348 16060 2044 272 2394 1686 -514.00 -174.20 117.00 146 
-1656 16456 664 249 624 1134 -516.00 -169.51 118.00 145 
-1636 16480 724 -173 -523 652 -518.00 -170.18 120.00 144 
-1732 16588 600 -342 -1432 296 -515.00 -170.85 121.00 144 
-1800 16240 252 -215 -1492 600 -518.00 -170.85 121.00 144 
-1964 16372 80 -406 -1231 914 -516.00 -170.85 118.00 145 
-1804 15792 12 114 -892 1340 -517.00 -169.51 119.00 144 
-1432 15232 -448 552 -326 1654 -518.00 -170.18 121.00 144 
-1432 15432 -288 789 423 1287 -519.00 -170.85 120.00 144 
-1700 15568 616 992 614 773 -516.00 -169.51 120.00 144 
-1396 16888 684 463 365 925 -519.00 -169.51 121.00 144 
-1636 15904 976 759 -69 1388 -519.00 -169.51 126.00 143 
-1556 15300 1092 467 -205 992 -517.00 -170.18 126.00 143 
-1608 15412 1252 153 -529 701 -518.00 -168.17 126.00 143 
-1420 15676 696 104 -862 926 -518.00 -168.17 125.00 143 
-1584 15312 892 161 -752 1705 -519.00 -170.18 127.00 143 
-1248 15040 372 302 -613 1635 -520.00 -166.83 125.00 143 
-924 15648 304 231 -438 1217 -522.00 -168.84 127.00 143 
-1392 15568 916 375 -623 1290 -521.00 -168.17 127.00 142 
-1380 14424 480 274 -773 959 -522.00 -168.84 126.00 143 
-1004 15312 452 316 -870 736 -523.00 -170.18 127.00 143 
-688 16880 388 528 -1038 1369 -524.00 -170.18 128.00 143 
-1016 15964 884 457 -1364 1475 -524.00 -170.85 127.00 143 
-1220 16256 340 -234 -1090 1019 -526.00 -170.18 127.00 143 
-704 16432 244 -275 -701 869 -528.00 -174.20 126.00 144 
-544 16688 104 -666 -689 898 -529.00 -174.87 126.00 144 
-576 16408 76 -1367 -1013 286 -529.00 -174.20 124.00 144 
-948 17088 164 -1470 -1064 486 -529.00 -176.21 124.00 144 
-836 15916 -392 -933 -1020 1360 -532.00 -178.89 120.00 146 
-276 14904 -824 -470 -970 1087 -532.00 -180.90 120.00 146 
412 15788 -1040 -226 -1214 1205 -535.00 -182.24 118.00 147 
1464 16468 -1532 -131 -1426 1601 -535.00 -182.91 116.00 147 
2164 15548 -2152 -666 -916 1087 -537.00 -184.92 116.00 147 
2108 13504 -1536 -829 -815 54 -537.00 -185.59 112.00 148 
1712 14988 -1636 -639 -237 930 -536.00 -187.60 113.00 148 
1968 14496 -1800 335 -747 887 -537.00 -189.61 111.00 149 
1600 14256 -1928 107 -527 -14 -536.00 -190.28 109.00 150 
1860 16648 -1648 -786 -189 -1127 -535.00 -194.97 109.00 150 
1204 17616 -892 -1969 -386 -749 -536.00 -197.65 109.00 151 
24 16524 -1112 -2492 -1276 75 -535.00 -199.66 105.00 152 
-732 15384 -1104 -2638 -1120 509 -531.00 -202.34 101.00 153 
-944 16320 -1400 -2341 -367 862 -531.00 -205.69 98.00 154 
-1652 17092 -440 -2265 60 836 -534.00 -207.03 94.00 155 
-1988 17516 -388 -2765 681 424 -533.00 -209.71 92.00 156 
-1764 19300 -860 -2373 997 1920 -533.00 -210.38 90.00 156 
-1716 19224 -1332 -1355 1517 3675 -532.00 -209.71 86.00 157 
-1740 18516 -900 -57 2175 4370 -531.00 -209.71 83.00 158 
-1732 19020 556 757 2197 4797 -533.00 -209.04 82.00 158 
-948 18460 1568 1392 632 4918 -532.00 -206.36 84.00 157 
304 16944 1088 1735 -1520 3536 -533.00 -203.68 84.00 157 
2188 15132 648 627 -1928 -365 -529.00 -203.01 82.00 158 
3472 16564 -224 -328 -566 -2337 -527.00 -206.36 82.00 158 
3188 17712 1220 -640 2209 -968 -521.00 -209.04 82.00 158 
1504 13600 4036 -830 2143 244 -516.00 -213.06 80.00 159 
1052 9332 2712 -1273 1351 -949 -510.00 -215.07 80.00 159 
-260 8172 3808 -567 2372 -2424 -510.00 -216.41 77.00 160 
392 13396 6560 -639 1008 -2882 -503.00 -221.77 78.00 160 
424 16960 2700 -908 908 -726 -493.00 -228.47 77.00 161 
2788 17668 -2796 301 5631 -1551 -491.00 -231.15 77.00 161 
3524 16724 196 5049 11338 -2922 -485.00 -234.50 80.00 161 
3896 22128 4756 6139 17950 -2228 -477.00 -237.18 88.00 159 
2816 26112 5212 4092 16980 -2826 -465.00 -237.85 103.00 156 
2072 25872 -12 1651 16199 -1090 -456.00 -235.17 116.00 153 
1036 20268 1148 1616 13971 2165 -448.00 -231.82 127.00 151 
-1580 18692 1448 2764 9674 2199 -443.00 -227.80 141.00 148 
-3092 21996 324 2698 5657 3078 -437.00 -222.44 145.00 146 
-1812 20980 -3100 5395 2774 6695 -430.00 -219.09 153.00 145 
-1084 13568 -4564 6059 951 6380 -424.00 -211.72 155.00 143 
-3724 11072 948 897 -3973 1816 -421.00 -207.03 163.00 141 
-8248 16740 4304 -2838 -8088 -182 -415.00 -204.35 158.00 142 
-6348 11192 -8612 -5813 -10224 -2329 -406.00 -208.37 155.00 143 
-4916 9344 -12040 -7949 -9154 -6033 -403.00 -213.06 144.00 145 
-4660 9116 -6408 -6316 -11521 -5415 -396.00 -218.42 131.00 149 
-6396 8272 -4712 -3343 -12244 -2337 -387.00 -225.79 123.00 151 
-5464 5940 -3668 -512 -14700 -3265 -375.00 -232.49 114.00 153 
-3032 11372 -9384 1081 -15809 -7222 -366.00 -233.83 99.00 157 
92 17232 -8972 3465 -14903 -7428 -354.00 -242.54 94.00 158 
-300 22084 -5400 5299 -14806 -3930 -338.00 -250.58 83.00 161 
-2008 28748 -3960 3997 -13210 1213 -324.00 -254.60 77.00 163 
1036 27000 -5576 -390 -8509 5700 -312.00 -257.28 67.00 165 
6440 17708 -7300 -4523 -5044 3027 -309.00 -255.27 61.00 166 
9244 14024 -2244 -8811 -3336 -443 -307.00 -251.25 55.00 167 
8696 17816 2280 -7694 -4224 -1158 -302.00 -249.24 48.00 169 
6124 24148 3368 -5930 -2452 1584 -297.00 -248.57 41.00 170 
4208 21040 328 -3394 4764 5836 -289.00 -246.56 36.00 171 
3064 9156 7468 -3541 12620 4850 -289.00 -241.87 34.00 172 
1520 2724 11328 -3979 11618 -3534 -288.00 -237.85 38.00 170 
3480 3572 10824 -5442 6972 -13814 -282.00 -234.50 46.00 168 
4780 11580 6780 -6585 3396 -19016 -269.00 -239.86 48.00 168 
8204 24964 5016 -5050 4361 -9967 -248.00 -244.55 50.00 168 
8792 19324 484 -61 6892 6603 -233.00 -248.57 48.00 169 
6412 8760 -1844 3185 14049 1851 -229.00 -246.56 51.00 168 
7744 20384 1560 3150 18477 -6424 -227.00 -241.87 58.00 166 
8156 24640 6740 1854 16129 -6331 -217.00 -239.86 72.00 163 
7096 23444 5292 -2418 8562 -5925 -204.00 -237.18 82.00 160 
3240 20200 764 -1440 282 602 -196.00 -236.51 89.00 159 
-2184 12728 -4328 2184 -2257 5748 -187.00 -235.84 91.00 158 
-4812 6844 -6380 5637 -1411 4749 -190.00 -233.16 90.00 158 
-4472 8076 -3520 4811 -1836 -1805 -185.00 -231.82 88.00 159 
-4548 12068 -5484 1962 -3390 -6005 -178.00 -230.48 94.00 157 
-3720 12756 -4708 -2836 -2287 -8981 -171.00 -233.16 92.00 158 
-1276 14344 -460 -3787 -4101 -5897 -159.00 -234.50 89.00 159 
116 9552 -2308 -5222 -4658 -8092 -148.00 -236.51 88.00 159 
-3484 16740 -6764 -10665 -127 -16679 -141.00 -237.85 83.00 160 
4152 32767 -2864 -11703 1389 -7335 -124.00 -240.53 82.00 161 
-1184 29220 -2384 -4143 1967 7223 -112.00 -241.20 81.00 161 
7196 22116 -1052 -869 3270 13235 -110.00 -240.53 81.00 161 
9076 14080 -2000 4019 5485 9004 -115.00 -239.19 85.00 160 
8600 15620 1500 4795 9082 3208 -117.00 -235.17 87.00 159 
6588 16492 7480 6390 5131 1869 -115.00 -231.15 94.00 157 
3392 17124 7296 5624 576 2624 -111.00 -230.48 99.00 156 
3844 18508 3184 5049 -3043 6063 -102.00 -229.14 100.00 156 
4104 16692 1708 5538 -7797 11117 -99.00 -229.14 99.00 156 
4824 8812 -5160 5862 -8886 6463 -101.00 -227.80 97.00 156 
3012 10488 -5492 4076 -5301 -715 -98.00 -229.81 94.00 157 
1564 12312 -2292 832 -1815 -1462 -95.00 -230.48 90.00 158 
308 13524 -436 4 -150 1933 -88.00 -232.49 86.00 159 
1800 14300 -2200 -458 1676 3599 -82.00 -230.48 86.00 159 
4520 16820 -4476 -3829 5984 926 -82.00 -231.82 89.00 159 
4964 18368 -2400 -3579 8716 339 -79.00 -227.13 91.00 158 
5604 18268 1316 -4007 9015 4633 -76.00 -226.46 96.00 157 
6100 12868 4812 -4572 7527 4906 -76.00 -222.44 97.00 156 
6436 14348 4844 -4182 3138 2065 -76.00 -220.43 102.00 155 
5880 18100 2296 -5392 583 629 -79.00 -219.76 105.00 154 
5108 19936 896 -1850 -904 3181 -78.00 -218.42 105.00 154 
3908 17536 -1776 704 -363 5336 -78.00 -219.09 105.00 154 
3900 15724 -1516 2465 2304 4835 -84.00 -217.75 105.00 154 
3392 16284 -428 3399 3669 4315 -81.00 -217.75 107.00 153 
3988 18128 -384 2540 4597 3577 -80.00 -217.08 109.00 153 
3988 17464 1072 1043 4063 3535 -79.00 -215.07 111.00 152 
3604 15540 528 32 4001 1458 -79.00 -213.06 114.00 151 
3040 15652 360 -454 5487 -442 -78.00 -210.38 117.00 150 
3376 15512 540 -525 6131 -721 -78.00 -208.37 118.00 150 
4212 15840 836 -1142 5361 -416 -76.00 -205.69 122.00 149 
3500 14996 752 -1867 4192 -216 -76.00 -205.02 124.00 148 
3168 14068 820 -2037 2749 -36 -75.00 -203.68 126.00 148 
3344 14824 -408 -2135 2991 -882 -76.00 -201.00 129.00 147 
4396 16300 784 -1591 3342 -133 -77.00 -200.33 130.00 147 
3812 17392 -348 -783 3971 2241 -75.00 -198.99 131.00 146 
2624 12116 92 315 3204 1664 -78.00 -197.65 131.00 146 
2880 13860 676 -739 2980 -1425 -78.00 -196.31 135.00 145 
3396 17208 2824 -295 1127 -1041 -77.00 -195.64 137.00 145 
3192 16584 656 179 68 985 -73.00 -194.97 138.00 144 
2464 16080 -96 -33 1030 1714 -75.00 -194.97 136.00 145 
2024 15064 292 -318 1124 805 -75.00 -194.97 137.00 144 
2168 16560 -280 104 1468 1507 -76.00 -193.63 138.00 144 
2708 15452 112 955 2000 3458 -76.00 -193.63 140.00 144 
1360 13668 812 537 1855 1899 -79.00 -192.29 139.00 144 
976 15152 684 424 1246 -13 -81.00 -190.28 142.00 143 
1840 16664 572 1050 326 1052 -80.00 -190.95 142.00 143 
2356 15620 -1004 773 543 1260 -81.00 -190.28 142.00 143 
2620 15736 -1608 170 1488 -154 -80.00 -190.28 144.00 142 
2748 16800 -960 -212 2634 -372 -81.00 -188.94 144.00 142 
2328 16256 -448 -483 3207 -349 -80.00 -186.93 144.00 142 
2160 15880 988 -147 3373 178 -79.00 -188.27 146.00 142 
1800 14736 1092 449 2650 468 -80.00 -185.59 148.00 141 
2116 14872 152 748 1852 -637 -81.00 -184.92 149.00 141 
2524 17080 -496 763 2262 -1518 -82.00 -184.92 150.00 140 
2836 17536 -868 1248 3190 -740 -80.00 -182.91 149.00 140 
2668 16800 -452 1064 3836 -660 -81.00 -182.24 153.00 139 
2712 16804 288 533 4104 -1086 -78.00 -179.56 156.00 139 
2512 17124 500 18 4097 -746 -79.00 -178.22 157.00 138 
2300 15852 516 -387 3997 -825 -77.00 -176.88 160.00 137 
1456 15672 760 -1058 4560 -1160 -80.00 -176.21 159.00 137 
1808 16292 56 -934 5305 -921 -80.00 -173.53 160.00 137 
2100 16212 112 -947 6194 -794 -81.00 -171.52 162.00 136 
2092 16280 332 -1017 6888 -651 -85.00 -169.51 166.00 135 
1684 16224 756 -745 7772 561 -84.00 -164.82 167.00 134 
1980 15704 732 -638 8197 1052 -87.00 -163.48 170.00 133 
1820 15408 704 -731 8663 464 -86.00 -158.12 175.00 132 
2012 15340 908 -1487 8982 -1054 -88.00 -152.76 178.00 130 
2096 16900 716 -1782 9169 -1194 -91.00 -148.07 182.00 129 
1772 15672 568 -1471 9619 -157 -95.00 -144.05 182.00 128 
2252 14444 144 -1628 10367 -1556 -100.00 -139.36 188.00 126 
2532 15852 248 -2359 10874 -2735 -100.00 -133.33 189.00 125 
2492 17788 192 -3000 11077 -1398 -103.00 -127.97 193.00 123 
1636 16288 -624 -2396 11024 -98 -105.00 -121.94 195.00 122 
2040 16284 -1944 -2145 13923 1466 -107.00 -117.92 197.00 120 
312 13456 1788 -2284 13634 -283 -113.00 -108.54 202.00 118 
988 15624 568 -2303 11480 -2432 -118.00 -100.50 204.00 116 
1468 16924 -2148 -2093 12111 -1575 -118.00 -93.80 207.00 114 
712 15416 -2516 -1345 13727 -395 -123.00 -88.44 210.00 112 
908 14508 -1692 -973 14507 -943 -124.00 -79.73 212.00 110 
612 14552 -1984 -676 15488 -690 -127.00 -71.69 216.00 108 
588 14144 -1216 -993 16351 -1747 -129.00 -62.31 217.00 106 
-244 15484 2544 -825 15047 -2639 -130.00 -51.59 216.00 103 
860 20088 -404 -133 13108 -322 -131.00 -42.88 217.00 101 
644 16832 -1348 209 13330 1323 -135.00 -36.18 217.00 99 
976 15100 -2036 -319 13676 566 -137.00 -28.14 219.00 97 
1108 16820 -1676 -832 14403 727 -137.00 -20.10 218.00 95 
1404 16880 -1908 -574 14911 1829 -138.00 -9.38 215.00 92 
1456 15028 -2136 -640 15607 1701 -142.00 1.34 216.00 89 
1240 14644 -1448 -1150 16095 801 -141.00 10.05 216.00 87 
1208 15840 -1580 -1241 16405 800 -141.00 20.77 214.00 84 
1012 16152 -1820 -1449 16689 1286 -147.00 29.48 211.00 82 
1528 15536 -2012 -1622 17128 1480 -146.00 40.87 208.00 78 
1800 15168 -2152 -1861 17500 854 -148.00 51.59 206.00 75 
1344 15932 -1700 -1545 17634 1051 -149.00 62.31 202.00 72 
1304 15188 -1896 -1689 17206 849 -151.00 71.69 196.00 69 
1460 16092 -2124 -1797 17374 792 -156.00 81.07 191.00 66 
1272 15412 -2668 -1800 17627 996 -153.00 91.12 188.00 64 
1472 15136 -2476 -1391 17984 1225 -156.00 100.50 181.00 60 
1964 14892 -2664 -1114 18304 1243 -155.00 109.21 171.00 57 
1980 15364 -2420 -1069 18590 1219 -156.00 120.60 169.00 54 
1784 15540 -2388 -809 18532 1766 -157.00 130.65 161.00 50 
1600 13744 -2464 -266 17811 1712 -155.00 138.02 153.00 47 
1768 13952 -2864 281 17651 930 -155.00 148.07 145.00 44 
1300 15596 -3888 1047 17464 966 -154.00 156.11 140.00 41 
1048 16236 -4104 1459 17298 1492 -151.00 162.81 131.00 38 
872 16860 -4628 829 17052 1245 -149.00 168.84 123.00 36 
504 17260 -3420 82 16460 1052 -144.00 176.21 116.00 33 
72 17732 -2544 -627 15503 1360 -144.00 183.58 109.00 30 
-236 17608 -2056 -1450 13878 1768 -145.00 189.61 100.00 27 
-36 16592 -2832 -2067 12985 2253 -143.00 195.64 92.00 25 
-516 14476 -1992 -2604 12387 1334 -138.00 199.66 84.00 22 
-688 14880 -1912 -2733 11372 305 -138.00 202.34 77.00 20 
-1100 16044 -1188 -2286 10427 1017 -138.00 207.03 69.00 18 
-1408 14844 -992 -1403 8825 1549 -138.00 209.04 62.00 16 
-736 14300 -1580 -734 7759 965 -135.00 213.06 58.00 15 
-552 15112 -560 -518 7220 48 -135.00 214.40 51.00 13 
-396 16268 -88 -821 6497 -1105 -136.00 216.41 47.00 12 
-120 17188 856 -1395 5153 -1928 -136.00 217.75 44.00 11 
-304 18136 460 -1577 3791 -1428 -133.00 219.09 43.00 11 
-804 17496 1128 -853 3095 925 -136.00 217.75 37.00 9 
-1136 15048 916 -297 2185 1160 -136.00 219.76 36.00 9 
-948 15276 1028 -708 1674 -15 -133.00 221.10 35.00 8 
-744 15980 616 -973 964 -422 -134.00 219.09 32.00 8 
-992 15320 944 -948 1007 -951 -134.00 221.10 34.00 8 
-1132 15968 1336 -434 898 -925 -134.00 219.76 33.00 8 
-1324 15920 1504 -214 156 -488 -136.00 221.10 31.00 7 
-1068 16064 672 -347 119 -385 -137.00 218.42 32.00 8 
-784 16564 880 -638 276 136 -135.00 221.10 31.00 7 
-688 16516 856 -1390 338 268 -135.00 219.76 32.00 8 
-772 15984 864 -1160 672 -64 -134.00 220.43 32.00 8 
-584 16396 972 -1075 991 -310 -136.00 219.76 29.00 7 
-1196 15624 1764 -516 729 -211 -135.00 219.76 30.00 7 
-1140 15328 1540 -207 -264 75 -139.00 221.10 29.00 7 
-708 15032 436 -391 -709 86 -137.00 219.09 28.00 7 
-508 16108 888 132 -469 569 -139.00 218.42 29.00 7 
20 15968 196 341 -438 372 -139.00 219.09 30.00 7 
-40 16104 300 3 -41 29 -137.00 219.09 31.00 8 
56 16260 480 -392 -339 56 -137.00 220.43 30.00 7 
-36 16456 524 -267 -532 815 -138.00 220.43 29.00 7 
-452 15420 1056 -207 -493 1259 -138.00 220.43 32.00 8 
-520 14768 920 -202 -616 295 -137.00 220.43 31.00 7 
-40 15896 660 -233 -867 262 -136.00 221.77 32.00 8 
-28 15348 376 261 -774 499 -137.00 219.09 32.00 8 
-300 16264 552 406 -355 412 -135.00 219.09 34.00 8 
-164 16220 1084 673 -140 972 -134.00 219.76 33.00 8 
-44 16196 716 287 -294 736 -136.00 219.76 35.00 9 
56 16380 576 -304 -611 676 -134.00 221.10 35.00 8 
-16 16184 352 -485 -295 1348 -135.00 220.43 33.00 8 
-236 14956 528 131 -603 1156 -136.00 220.43 37.00 9 
20 15756 448 237 -463 173 -132.00 220.43 35.00 9 
188 16560 588 269 -477 695 -136.00 221.10 37.00 9 
444 16048 188 -236 -388 304 -133.00 220.43 36.00 9 
256 16728 664 -535 -305 150 -132.00 220.43 35.00 9 
264 16368 680 -493 -613 635 -134.00 220.43 36.00 9 
-24 15688 936 -393 -870 933 -134.00 219.09 38.00 9 
40 15648 276 -794 -902 372 -132.00 219.76 37.00 9 
212 16504 328 -954 -891 450 -132.00 220.43 38.00 9 
264 15892 696 -746 -823 713 -131.00 220.43 39.00 10 
-16 15320 792 -429 -805 650 -135.00 220.43 38.00 9 
-188 14868 972 -132 -977 205 -137.00 219.76 38.00 9 
600 15856 -480 -174 -563 -412 -134.00 220.43 36.00 9 
808 16996 696 -194 -510 750 -134.00 219.09 40.00 10 
776 15404 212 556 -640 1103 -137.00 220.43 39.00 10 
360 15320 924 112 -970 217 -134.00 219.76 39.00 10 
360 16048 324 35 -1041 458 -134.00 218.42 39.00 10 
500 15824 488 -37 -843 416 -134.00 219.76 42.00 10 
580 15928 640 -67 -683 154 -131.00 220.43 43.00 11 
664 16408 516 26 -715 411 -135.00 219.76 43.00 11 
452 15816 548 133 -538 763 -134.00 217.75 42.00 10 
324 15500 616 604 -347 549 -135.00 218.42 42.00 10 
440 15872 616 357 -553 381 -134.00 218.42 44.00 11 
324 15480 628 321 -395 683 -131.00 219.76 44.00 11 
476 15896 240 272 -271 82 -131.00 219.76 44.00 11 
436 16004 376 754 -284 322 -134.00 217.75 44.00 11 
432 15924 636 152 -245 0 -132.00 219.09 44.00 11 
208 16372 -176 334 121 56 -132.00 218.42 44.00 11 
368 16156 824 235 -215 704 -133.00 219.09 46.00 11 
344 15472 -612 1223 496 1186 -135.00 218.42 46.00 11 
568 15752 400 467 287 426 -133.00 219.76 48.00 12 
744 16452 20 100 32 1191 -130.00 218.42 46.00 11 
532 15312 -168 56 -169 801 -132.00 217.75 46.00 11 
540 15692 36 -758 -378 -17 -129.00 219.76 45.00 11 
680 16380 -88 -866 -658 280 -133.00 218.42 48.00 12 
592 15816 -736 -745 -372 421 -131.00 217.08 45.00 11 
248 15780 -188 -522 265 385 -131.00 217.75 48.00 12 
424 15960 604 -444 40 391 -132.00 218.42 47.00 12 
780 15844 -524 -995 63 128 -133.00 218.42 46.00 11 
360 15516 608 -1125 -275 -315 -130.00 219.76 47.00 12 
188 16364 192 -703 282 589 -133.00 217.75 46.00 11 
268 15724 -364 -533 327 511 -131.00 219.09 46.00 11 
420 16048 268 -515 -322 305 -131.00 218.42 45.00 11 
332 16488 -136 -165 111 1180 -132.00 219.09 47.00 12 
464 15064 -684 -435 556 431 -130.00 217.75 46.00 11 
264 15480 1052 -1069 -131 -553 -131.00 219.76 43.00 11 
792 16820 -536 -646 -989 -2 -132.00 220.43 43.00 11 
480 16600 -868 -403 -71 1145 -132.00 219.09 46.00 11 
-48 15444 296 -400 311 639 -132.00 217.75 44.00 11 
200 16016 716 -669 86 315 -131.00 217.75 45.00 11 
568 16204 264 -725 -305 681 -132.00 220.43 45.00 11 
168 15600 112 -812 -178 982 -131.00 219.09 45.00 11 
252 15084 264 -758 -361 330 -131.00 220.43 47.00 12 
440 16704 -708 -769 -189 159 -129.00 220.43 46.00 11 
300 16544 120 -310 209 1034 -131.00 218.42 47.00 12 
200 15292 524 -405 -129 960 -129.00 218.42 47.00 12 
456 15580 104 -455 -276 380 -131.00 217.75 46.00 11 
604 16388 -148 -381 -43 444 -130.00 220.43 47.00 12 
348 16108 652 -636 -487 910 -131.00 217.08 46.00 11 
680 15420 -148 -1183 -899 553 -129.00 218.42 47.00 12 
552 16080 -328 -1603 -502 799 -130.00 218.42 47.00 12 
304 15748 268 -1005 -122 821 -130.00 219.09 46.00 11 
