1984 15860 276 -255 54 542 -75.00 233.83 -104.00 336 
2212 15444 -64 -494 199 250 -73.00 235.17 -107.00 335 
2292 16232 340 -757 63 96 -72.00 235.84 -105.00 336 
2324 16220 496 -714 -255 771 -71.00 235.17 -107.00 335 
2132 15132 236 -776 -59 507 -72.00 234.50 -108.00 335 
1984 15124 340 -610 -5 279 -73.00 235.17 -108.00 335 
2076 15704 356 -434 -76 456 -72.00 234.50 -106.00 335 
2308 15776 -12 -255 65 589 -72.00 235.84 -107.00 335 
2196 16076 76 -103 210 700 -73.00 235.17 -107.00 335 
2228 16300 208 -329 337 332 -73.00 235.84 -107.00 335 
2192 16372 680 -425 85 326 -74.00 235.84 -107.00 335 
1988 15752 376 -700 -127 468 -72.00 236.51 -106.00 335 
1924 15624 680 -681 -210 376 -72.00 235.84 -107.00 335 
2108 15816 0 -617 24 294 -73.00 236.51 -109.00 335 
2292 16156 96 -518 199 500 -74.00 235.84 -109.00 335 
2184 15700 248 -455 177 478 -75.00 235.84 -110.00 334 
1980 15252 440 -610 188 114 -73.00 235.84 -108.00 335 
2136 16024 436 -606 179 -54 -74.00 236.51 -109.00 335 
2248 16492 292 -472 303 668 -73.00 235.84 -108.00 335 
2228 15784 248 -591 519 700 -72.00 233.83 -108.00 335 
2324 16016 504 -812 585 209 -73.00 235.17 -110.00 334 
2256 15560 348 -759 146 392 -71.00 235.17 -109.00 335 
2232 15196 352 -744 101 150 -74.00 235.17 -109.00 335 
2020 15648 424 -574 1 210 -71.00 235.17 -110.00 334 
1996 15444 64 -225 14 772 -74.00 235.17 -110.00 334 
2188 15312 100 -189 166 328 -73.00 234.50 -108.00 335 
2468 16168 268 -311 347 -75 -74.00 234.50 -110.00 334 
1980 16688 312 -20 215 679 -74.00 235.84 -110.00 334 
1972 15840 780 -426 53 793 -75.00 233.83 -109.00 335 
1892 15520 332 -589 -327 592 -75.00 234.50 -110.00 334 
2032 15596 -192 -490 -116 383 -72.00 233.83 -110.00 334 
1940 15776 252 -408 146 353 -74.00 233.83 -110.00 334 
2080 16096 204 -302 299 394 -72.00 233.83 -110.00 334 
1920 15952 228 -428 357 342 -73.00 233.83 -110.00 334 
1868 15752 264 -459 183 518 -76.00 233.16 -112.00 334 
1980 15648 144 -454 208 610 -73.00 235.17 -111.00 334 
2188 15452 -88 -568 226 431 -74.00 233.83 -108.00 335 
2096 15924 0 -596 410 475 -72.00 234.50 -111.00 334 
1980 16068 148 -529 486 920 -74.00 234.50 -111.00 334 
2140 15496 -108 -497 538 788 -73.00 233.83 -111.00 334 
1972 15568 180 -530 582 412 -72.00 233.16 -113.00 334 
1948 15804 176 -438 305 512 -74.00 233.16 -111.00 334 
2008 16184 -204 -505 274 746 -74.00 234.50 -112.00 334 
2172 15976 -140 -723 305 722 -73.00 234.50 -113.00 334 
2196 16328 -272 -981 378 597 -73.00 233.83 -112.00 334 
1908 16132 140 -569 397 1472 -71.00 233.83 -112.00 334 
1764 14740 -140 -563 643 797 -73.00 234.50 -116.00 333 
2016 15320 228 -682 724 135 -73.00 233.16 -115.00 333 
2144 16532 -200 -650 561 532 -74.00 233.83 -115.00 333 
2208 16060 -100 -492 676 907 -73.00 233.16 -114.00 333 
2016 15476 -196 -642 959 587 -72.00 234.50 -116.00 333 
1788 15892 56 -553 988 616 -72.00 233.83 -117.00 333 
2116 15584 -492 -310 1069 899 -70.00 232.49 -119.00 332 
2244 15744 -356 -573 1520 250 -72.00 233.83 -121.00 332 
2036 16372 148 -386 1525 443 -71.00 233.16 -119.00 332 
2260 15700 268 -198 1324 803 -73.00 234.50 -120.00 332 
2572 15432 88 -409 1126 406 -72.00 232.49 -123.00 332 
2456 15784 156 -528 885 380 -75.00 233.16 -124.00 331 
2480 15364 412 -497 479 766 -73.00 233.83 -124.00 332 
2256 14772 356 -473 495 527 -74.00 231.15 -125.00 331 
2180 14944 296 -219 419 415 -73.00 233.16 -125.00 331 
2412 15616 76 -104 719 508 -74.00 231.82 -126.00 331 
2248 15564 388 -135 789 345 -75.00 232.49 -125.00 331 
2420 16360 744 -523 546 354 -76.00 231.82 -126.00 331 
2292 16332 600 -639 531 892 -76.00 233.16 -128.00 331 
1916 15148 1356 -442 511 1040 -75.00 232.49 -125.00 331 
1908 15168 1428 -535 546 210 -76.00 232.49 -128.00 331 
1980 16276 1252 -818 563 -88 -75.00 231.82 -128.00 331 
1708 16812 1344 -661 445 960 -76.00 232.49 -130.00 330 
1840 15496 1272 -769 487 731 -77.00 232.49 -128.00 331 
2100 16104 1376 -1227 565 -65 -77.00 233.16 -131.00 330 
1944 17244 1236 -1450 643 537 -77.00 231.15 -131.00 330 
1844 16220 1164 -1457 744 1287 -77.00 231.82 -132.00 330 
1768 15344 608 -1227 1055 650 -78.00 231.15 -132.00 330 
1396 15516 1800 -786 857 527 -78.00 231.15 -132.00 330 
1624 16484 1812 -417 867 1109 -79.00 231.15 -133.00 330 
1764 16228 1944 -243 564 1768 -78.00 232.49 -134.00 330 
1444 15456 1828 -320 376 1302 -78.00 229.14 -134.00 329 
1320 15052 1856 -174 -23 629 -78.00 229.81 -136.00 329 
1108 15200 1892 61 -389 412 -81.00 231.82 -136.00 329 
752 15104 2156 -15 -686 317 -78.00 230.48 -136.00 329 
656 15700 1488 -510 -661 39 -79.00 232.49 -133.00 330 
792 16636 1248 -679 -196 368 -81.00 231.15 -135.00 329 
1012 16292 1200 -484 -61 1441 -81.00 231.82 -134.00 329 
828 15604 1312 -334 531 1700 -83.00 231.82 -134.00 329 
1084 15996 1720 -348 890 1614 -83.00 233.16 -136.00 329 
1208 15536 1768 -438 805 1622 -82.00 231.82 -134.00 329 
860 15868 2524 -1040 365 1189 -84.00 231.15 -135.00 329 
984 15932 1968 -1179 -407 1445 -84.00 233.16 -136.00 329 
1216 14968 2008 -1079 -575 1300 -82.00 233.16 -136.00 329 
940 14584 1892 -1001 -860 523 -82.00 231.82 -136.00 329 
1172 15212 1828 -672 -889 513 -84.00 230.48 -137.00 329 
1176 15584 1752 -254 -893 1045 -85.00 231.82 -134.00 329 
1396 14968 1604 -116 -995 693 -86.00 232.49 -135.00 329 
1060 14944 2264 211 -1211 32 -89.00 231.15 -134.00 329 
1048 15156 2040 589 -1866 -94 -90.00 231.82 -132.00 330 
916 15296 1760 875 -2245 -490 -90.00 233.16 -132.00 330 
580 15948 1312 1011 -2486 -516 -96.00 234.50 -133.00 330 
1192 16228 312 1441 -2499 109 -96.00 235.17 -127.00 331 
2232 16984 292 1151 -2207 -110 -99.00 235.84 -130.00 331 
3412 21372 688 700 -2332 230 -102.00 235.84 -125.00 332 
4144 23708 -500 -782 -1465 -12 -104.00 236.51 -124.00 332 
3644 20952 -152 -2068 -435 130 -106.00 237.18 -120.00 333 
3272 17980 1024 -2556 -403 706 -108.00 237.18 -120.00 333 
2976 14668 752 -2383 -1079 584 -108.00 235.84 -121.00 332 
2832 13868 172 -1088 -1289 -717 -107.00 235.84 -122.00 332 
2432 15068 4 244 -1221 -1382 -111.00 235.17 -120.00 332 
2392 14484 608 1390 -1810 -1101 -115.00 235.17 -118.00 333 
2576 14204 -560 1746 -2646 -1751 -118.00 235.84 -117.00 333 
3012 16440 -1224 419 -2778 -2125 -120.00 235.84 -115.00 334 
3232 16280 -1668 1011 -2396 -1945 -126.00 236.51 -111.00 334 
3496 16520 -1976 637 -1590 -1386 -130.00 236.51 -112.00 334 
3300 15880 -1252 259 -752 -1344 -134.00 237.18 -109.00 335 
3112 16148 -916 -16 -544 -872 -136.00 235.84 -111.00 334 
2632 14648 -32 -59 -671 -101 -139.00 236.51 -107.00 335 
2568 13756 24 -469 -1331 -177 -141.00 234.50 -107.00 335 
2108 13772 -196 -1054 -1896 -775 -142.00 237.18 -108.00 335 
1600 14256 -252 -1067 -2276 -811 -145.00 233.83 -105.00 335 
1380 13904 -1040 -692 -2177 -484 -147.00 235.84 -106.00 335 
1008 14592 -888 -476 -1636 2 -150.00 235.84 -103.00 336 
812 14588 -768 -234 -1477 675 -149.00 236.51 -102.00 336 
760 14512 -1216 -780 -709 378 -152.00 237.85 -101.00 336 
736 14996 -712 -621 -297 330 -153.00 238.52 -97.00 337 
340 14964 -644 -246 -55 923 -157.00 239.19 -99.00 337 
620 14652 -164 8 -344 1037 -157.00 238.52 -99.00 337 
704 15408 -528 -291 -501 522 -158.00 239.86 -99.00 337 
488 16600 -336 -938 -798 562 -161.00 240.53 -100.00 337 
348 16584 -884 -1357 -707 901 -157.00 238.52 -99.00 337 
128 15728 -1024 -1475 445 715 -161.00 240.53 -98.00 337 
268 15848 -492 -1656 1222 -49 -163.00 241.87 -98.00 337 
680 17284 -256 -2130 1630 -97 -162.00 240.53 -100.00 337 
880 18576 -192 -2471 1996 653 -166.00 241.87 -99.00 337 
732 18516 520 -2294 2139 1629 -166.00 242.54 -104.00 336 
412 16356 416 -1851 2439 1259 -167.00 242.54 -103.00 336 
404 15528 460 -1495 3038 -145 -168.00 243.21 -108.00 336 
380 15792 664 -1037 3169 -1560 -169.00 241.87 -111.00 335 
292 15664 536 -934 2973 -2679 -171.00 242.54 -113.00 335 
1788 17228 1860 -1878 2638 -2976 -175.00 241.87 -115.00 334 
2516 22096 944 -1751 2136 -216 -181.00 241.20 -114.00 334 
2536 21488 1892 -2175 2487 2720 -184.00 240.53 -116.00 334 
2524 19008 952 -2464 3441 4104 -184.00 240.53 -119.00 333 
2424 14252 2572 -1892 3475 3878 -184.00 241.20 -123.00 332 
2228 10068 3000 -784 2603 1111 -180.00 241.20 -125.00 332 
2340 12176 2384 405 2547 -1706 -181.00 241.87 -125.00 332 
3024 16372 2388 1258 2356 -1341 -184.00 242.54 -129.00 331 
3632 16624 1580 938 1760 8 -189.00 241.20 -130.00 331 
3680 15216 916 489 1779 657 -192.00 241.87 -134.00 331 
3300 13896 1480 -14 1428 -381 -193.00 241.20 -133.00 331 
3220 14864 1856 -249 969 -1045 -196.00 241.20 -135.00 330 
2600 14752 1576 -427 393 -1187 -199.00 239.19 -133.00 330 
1964 15940 1536 -228 322 -222 -201.00 241.20 -136.00 330 
1720 14536 716 474 508 735 -203.00 239.86 -136.00 330 
1172 13964 712 796 920 91 -206.00 241.20 -137.00 330 
708 14984 1608 748 1041 171 -208.00 240.53 -136.00 330 
104 15184 2060 232 504 1630 -209.00 241.20 -138.00 330 
-208 13056 1128 378 370 1723 -212.00 242.54 -139.00 330 
-148 13084 1564 78 776 -38 -211.00 241.87 -137.00 330 
-560 14480 2184 -103 622 -855 -212.00 243.21 -139.00 330 
-580 15088 2132 -45 320 -489 -215.00 242.54 -141.00 329 
-620 14544 2568 15 -222 -630 -220.00 243.88 -139.00 330 
-608 15520 1836 44 -439 -937 -222.00 243.21 -141.00 329 
-600 15848 1496 318 -622 -803 -222.00 245.89 -141.00 330 
-1092 14812 2680 678 -1044 -1382 -230.00 243.21 -139.00 330 
-1040 15760 1760 414 -2390 -3410 -232.00 245.89 -137.00 330 
-88 17580 468 178 -2155 -4428 -238.00 246.56 -138.00 330 
84 19988 420 91 -1859 -2474 -242.00 245.22 -137.00 330 
228 20628 644 657 -1972 1681 -248.00 245.89 -136.00 331 
-676 16776 116 501 -1440 2127 -251.00 247.23 -134.00 331 
192 16612 -572 -123 -202 345 -253.00 249.91 -132.00 332 
752 19696 1312 161 -1551 993 -255.00 249.24 -133.00 331 
1832 21412 0 486 -3486 2222 -258.00 251.25 -134.00 331 
3240 21144 -980 508 -4065 1945 -260.00 253.93 -130.00 332 
3404 19012 -2724 -376 -2158 -216 -258.00 255.27 -126.00 333 
2648 17192 -396 -995 -1094 -1246 -261.00 255.94 -125.00 333 
1244 14796 -60 -706 -1040 652 -263.00 256.61 -124.00 334 
1172 11972 996 -217 -2736 833 -267.00 255.94 -124.00 334 
1204 11988 -544 589 -3829 -181 -269.00 259.96 -123.00 334 
2288 13920 -1960 365 -2984 -1617 -275.00 259.29 -120.00 335 
2816 17392 -1696 -187 -2046 -1034 -277.00 260.63 -116.00 336 
2912 15976 -1428 -1321 -1293 -73 -283.00 261.30 -116.00 336 
1356 13404 1584 -1922 -2778 -845 -286.00 262.64 -116.00 336 
424 14392 1516 -1640 -5080 -1183 -289.00 262.64 -113.00 336 
284 14100 -136 -899 -5145 872 -291.00 261.30 -114.00 336 
396 13572 -940 -401 -4567 1898 -296.00 263.98 -109.00 337 
916 13180 -2588 -1235 -2740 397 -296.00 265.32 -107.00 338 
864 13972 -1880 -1650 -515 168 -299.00 268.00 -104.00 338 
40 13944 -404 -935 89 1772 -299.00 268.67 -104.00 338 
164 13780 -692 -477 -4 2824 -302.00 270.01 -106.00 338 
-84 13360 -892 -291 17 2562 -302.00 272.02 -104.00 339 
-392 14284 -740 -361 424 1643 -303.00 274.70 -105.00 339 
-400 15440 -600 -163 585 1748 -305.00 275.37 -107.00 338 
-500 15524 -736 -412 731 1885 -305.00 276.71 -105.00 339 
-8 15828 -312 -689 1260 1058 -307.00 280.73 -106.00 339 
64 17396 24 -1394 1798 -102 -308.00 280.73 -108.00 338 
832 18524 164 -2109 2069 -184 -310.00 281.40 -110.00 338 
1380 19348 -140 -2734 2355 532 -316.00 282.74 -113.00 338 
708 18176 996 -2252 2338 1158 -319.00 284.08 -116.00 337 
772 16788 840 -1891 2556 -401 -317.00 284.08 -119.00 337 
1380 18752 1932 -1683 2873 -1435 -323.00 284.08 -124.00 336 
3136 20748 3200 -1807 2051 330 -327.00 282.74 -127.00 335 
3412 21636 2140 -2774 826 828 -327.00 282.74 -129.00 335 
4428 21940 1972 -2226 47 1585 -332.00 282.07 -132.00 334 
4268 18172 560 -743 850 2018 -333.00 283.41 -133.00 334 
3884 15368 1324 754 2457 1588 -335.00 286.09 -135.00 334 
3720 14588 2128 879 2919 31 -337.00 286.09 -135.00 334 
3188 15352 2664 535 2190 -1258 -343.00 284.08 -138.00 334 
2796 15652 1896 452 946 -1129 -345.00 282.07 -140.00 333 
2348 14396 1392 520 418 -585 -351.00 280.06 -139.00 333 
2200 13656 932 603 663 -289 -357.00 278.72 -140.00 333 
2324 13060 416 351 675 -807 -358.00 278.05 -140.00 333 
1764 13368 328 -107 603 -1014 -363.00 278.05 -141.00 333 
1168 13256 428 -3 509 -115 -367.00 276.71 -141.00 333 
308 12648 328 98 589 556 -371.00 276.04 -142.00 332 
-156 12800 1192 93 211 1313 -373.00 272.69 -143.00 332 
-164 13000 780 320 -591 1900 -376.00 273.36 -143.00 332 
228 12876 -384 11 -754 1308 -379.00 274.03 -141.00 332 
612 11972 -216 -1250 160 -1974 -378.00 276.71 -142.00 332 
-120 14940 568 -1261 919 -2791 -381.00 276.71 -144.00 332 
-808 15344 2416 -505 572 -536 -389.00 274.03 -146.00 331 
-1616 15264 3416 587 -1509 918 -392.00 272.02 -145.00 331 
-436 14236 1496 3 -2400 -594 -394.00 270.68 -143.00 332 
-368 15688 68 -282 -2696 -2265 -396.00 272.02 -144.00 332 
-1224 15628 216 187 -2056 -2050 -401.00 271.35 -143.00 332 
-1460 16656 704 1144 -2105 -1742 -410.00 268.67 -142.00 332 
-1104 18876 448 1695 -2643 -966 -413.00 265.99 -141.00 332 
-628 19300 456 1841 -3016 671 -421.00 265.99 -137.00 332 
-120 17564 -820 2195 -3101 1806 -422.00 264.65 -136.00 332 
-1060 16364 -1592 2311 -2270 1052 -425.00 265.32 -132.00 333 
-24 18288 -692 2726 -2363 1177 -427.00 267.33 -128.00 334 
796 18756 -1108 4058 -2908 2837 -432.00 265.99 -125.00 334 
2168 18388 -756 4212 -3974 2139 -434.00 266.66 -122.00 335 
3424 19240 -3336 2881 -3968 256 -435.00 270.01 -117.00 336 
3336 19552 -1892 870 -3280 199 -442.00 268.00 -111.00 337 
2048 17452 132 -232 -4744 1637 -443.00 267.33 -109.00 337 
1724 15852 -148 -289 -5653 2280 -446.00 268.67 -104.00 338 
2928 15960 -1676 -765 -4760 1286 -446.00 270.01 -103.00 339 
4056 17252 -1328 -1918 -3443 -171 -447.00 270.68 -98.00 340 
4392 17788 276 -2922 -2930 589 -448.00 270.01 -97.00 340 
3548 15180 436 -4003 -3127 1262 -451.00 268.00 -99.00 339 
1784 13748 2092 -3859 -3763 1969 -452.00 269.34 -99.00 339 
408 11724 1056 -2186 -4345 3406 -449.00 269.34 -100.00 339 
1316 9296 520 -1512 -3809 2125 -449.00 271.35 -102.00 339 
1724 11740 -648 -1912 -2271 -427 -447.00 272.02 -99.00 340 
1640 14180 -184 -1743 -622 169 -449.00 271.35 -98.00 340 
964 13484 632 -1830 -220 377 -452.00 270.68 -101.00 339 
-48 13612 820 -1505 188 726 -450.00 271.35 -104.00 339 
-256 13608 716 -1059 489 1244 -452.00 269.34 -105.00 338 
320 14008 256 -844 763 448 -454.00 270.01 -108.00 338 
1120 15848 -1456 -691 1931 201 -454.00 266.66 -107.00 338 
988 15156 -1288 -761 4088 309 -454.00 265.99 -112.00 337 
-216 14744 188 -1204 4841 -676 -456.00 265.99 -117.00 336 
-312 15304 900 -1380 4205 -1261 -460.00 261.30 -122.00 334 
-8 17144 84 -1179 4192 -846 -463.00 260.63 -126.00 334 
556 17716 -284 -1090 4117 454 -462.00 257.28 -132.00 332 
804 17420 -728 -1499 4874 270 -465.00 253.26 -136.00 331 
296 16756 -144 -1071 5718 600 -465.00 249.24 -141.00 330 
388 17036 -352 -221 6204 531 -468.00 249.24 -148.00 329 
2252 19884 236 -105 6872 1303 -467.00 247.23 -153.00 328 
4064 21368 -304 -431 7352 1454 -468.00 243.21 -158.00 326 
3572 21780 1584 -1364 7459 77 -467.00 239.19 -164.00 325 
3648 21072 3304 -1609 5949 17 -468.00 236.51 -168.00 324 
2676 16828 2964 -2135 4157 -104 -469.00 232.49 -175.00 323 
2556 14280 2828 -1745 2528 -607 -468.00 229.81 -181.00 321 
2868 16488 1372 -1030 1348 1184 -469.00 225.12 -184.00 320 
2936 16760 828 -1154 1454 2325 -468.00 223.78 -187.00 320 
3116 15924 1220 -1022 1420 1386 -467.00 223.11 -185.00 320 
2928 15032 284 -393 1944 862 -465.00 222.44 -190.00 319 
2280 14060 -304 156 2940 -378 -462.00 219.76 -187.00 319 
1756 13172 1392 -90 3165 -1509 -464.00 217.08 -193.00 318 
596 14636 2260 -318 2424 -1457 -464.00 211.72 -196.00 317 
272 14200 2332 -554 903 -467 -467.00 208.37 -198.00 316 
88 12484 808 -67 710 492 -466.00 207.03 -196.00 316 
-196 10632 972 483 685 -493 -469.00 206.36 -197.00 316 
-652 12528 996 683 397 -1831 -469.00 202.34 -197.00 315 
-316 15172 684 1202 278 -1022 -471.00 198.99 -197.00 315 
-24 14552 472 1294 372 -307 -471.00 197.65 -196.00 315 
420 14560 496 1379 230 -375 -474.00 194.97 -195.00 314 
-52 15416 516 2112 49 118 -475.00 192.29 -195.00 314 
-88 14780 1436 2004 -70 -205 -477.00 189.61 -195.00 314 
-36 14816 832 1460 -241 -1460 -476.00 188.94 -194.00 314 
24 16212 1600 1066 -637 -2094 -478.00 185.59 -192.00 314 
-24 16764 1876 1259 -2008 -1269 -482.00 182.24 -191.00 313 
28 16656 1280 1586 -3294 -990 -482.00 180.23 -188.00 313 
32 16924 712 1683 -3833 -896 -483.00 177.55 -185.00 313 
-196 17508 -360 1625 -3790 99 -485.00 176.88 -184.00 313 
0 17352 -580 1258 -3246 1839 -485.00 175.54 -183.00 313 
1768 18216 660 77 -4230 2530 -484.00 177.55 -178.00 314 
2880 19788 -404 49 -5549 2901 -480.00 178.22 -179.00 314 
4912 20284 -2152 -515 -4605 2852 -480.00 180.23 -174.00 316 
6616 17272 -2488 -2591 -2115 -86 -477.00 182.91 -172.00 316 
3752 18412 -1520 -2050 -932 -559 -475.00 184.92 -171.00 317 
2024 15244 1024 -530 -1876 1758 -471.00 182.91 -172.00 316 
1424 11752 204 2265 -3569 2547 -470.00 182.91 -176.00 316 
1724 12656 -700 2891 -3621 842 -470.00 184.92 -170.00 317 
3324 15504 -2468 2481 -2304 -1590 -468.00 186.26 -166.00 318 
3600 18932 -1696 1086 -544 -1462 -470.00 185.59 -162.00 318 
3336 17916 324 115 -600 1193 -471.00 182.91 -160.00 318 
2532 15680 136 -438 -2108 2452 -470.00 184.25 -157.00 319 
2896 14688 -200 -441 -2718 3276 -468.00 184.25 -157.00 319 
3112 14392 -1292 442 -2482 3009 -465.00 186.93 -158.00 319 
3712 15524 -2944 -231 -137 2064 -460.00 192.29 -153.00 321 
2416 15488 -1252 -1040 1477 1268 -458.00 192.96 -155.00 321 
2532 14564 -660 -1545 2191 670 -457.00 191.62 -156.00 320 
2404 14672 -452 -1336 1598 249 -451.00 192.29 -157.00 320 
1940 15820 -296 -1240 1442 525 -453.00 191.62 -159.00 320 
1360 16428 -224 -638 1046 2125 -451.00 190.28 -162.00 319 
1604 14420 -1224 -184 1607 2456 -452.00 190.28 -161.00 319 
1988 14128 -1312 286 1666 1464 -447.00 189.61 -164.00 319 
4100 15248 -3028 39 2992 245 -445.00 191.62 -161.00 319 
4300 16000 -2384 -548 3585 -1414 -447.00 189.61 -161.00 319 
3412 17552 -460 -1429 4017 -2238 -445.00 187.60 -165.00 318 
2668 17948 772 -1492 1251 231 -446.00 186.26 -169.00 317 
2112 15984 972 -1174 -345 2062 -447.00 182.91 -171.00 316 
2392 15496 428 -799 -1337 2023 -443.00 183.58 -169.00 317 
3320 17136 -1744 -120 -1631 1876 -440.00 185.59 -169.00 317 
3728 17524 -2352 -229 -337 1741 -438.00 187.60 -169.00 317 
2780 15852 -784 -605 751 1873 -442.00 187.60 -169.00 317 
1840 13712 0 -434 542 1812 -437.00 189.61 -168.00 318 
1344 12684 380 -146 -421 1267 -435.00 190.95 -169.00 318 
1448 12972 100 219 -1469 270 -435.00 191.62 -168.00 318 
1968 14340 -252 919 -1627 287 -433.00 190.95 -167.00 318 
1744 15452 -604 984 -1599 800 -432.00 192.29 -163.00 319 
2124 16584 -1084 484 -1159 809 -434.00 192.96 -165.00 319 
2540 17260 -732 -14 -572 1054 -434.00 193.63 -159.00 320 
2376 17208 -692 -409 -753 1275 -436.00 193.63 -162.00 320 
2420 16828 -608 -921 -781 1111 -435.00 193.63 -163.00 319 
2668 16284 -708 -1483 -562 678 -436.00 194.30 -160.00 320 
2832 16244 -588 -1694 -365 480 -434.00 195.64 -161.00 320 
2516 16228 -308 -1692 -232 751 -431.00 195.64 -163.00 320 
2504 15580 -248 -1495 -543 1436 -432.00 195.64 -162.00 320 
1964 14124 640 -633 -1021 1283 -428.00 197.65 -164.00 320 
2312 14916 -52 -931 -1184 499 -427.00 198.32 -161.00 320 
2396 15912 52 -408 -1405 1150 -427.00 199.66 -160.00 321 
2484 15836 -396 -622 -1112 959 -426.00 201.00 -160.00 321 
2644 16132 -176 -887 -804 495 -425.00 201.00 -162.00 321 
2504 16600 256 -931 -521 825 -426.00 201.67 -162.00 321 
2588 15816 -80 -950 -629 1121 -422.00 199.66 -162.00 320 
2352 15544 -128 -1021 -550 842 -422.00 200.33 -162.00 321 
2364 15468 -276 -803 -704 670 -422.00 202.34 -163.00 321 
2348 15572 -256 -690 -513 380 -421.00 201.67 -160.00 321 
2336 16080 -324 -308 -375 566 -420.00 202.34 -163.00 321 
2596 15696 -520 -268 -28 380 -420.00 202.34 -162.00 321 
2572 16144 104 -296 181 304 -421.00 203.68 -163.00 321 
2520 16524 232 -514 47 438 -420.00 202.34 -162.00 321 
2280 15672 -144 -156 -333 727 -420.00 203.68 -161.00 321 
2172 15032 -72 -136 -224 -43 -419.00 203.68 -162.00 321 
2120 15936 -268 435 -184 217 -418.00 202.34 -160.00 321 
2332 15960 -224 147 -218 100 -421.00 202.34 -160.00 321 
2480 16420 -444 31 -97 221 -419.00 202.34 -159.00 321 
2384 16104 -540 -16 94 401 -422.00 203.68 -160.00 321 
2272 15776 -248 -55 22 237 -420.00 202.34 -162.00 321 
2168 15596 -312 159 -19 451 -420.00 203.68 -158.00 322 
2168 15484 -556 155 158 93 -422.00 202.34 -159.00 321 
2296 15912 -316 194 52 -161 -419.00 203.01 -157.00 322 
2236 16108 -344 15 -66 -82 -419.00 200.33 -157.00 321 
2236 16212 -188 -48 -401 304 -419.00 201.00 -158.00 321 
2160 15548 -412 -368 -507 75 -424.00 201.67 -159.00 321 
2080 15932 -484 -517 -581 -47 -421.00 202.34 -158.00 322 
2020 15728 -764 -386 -723 119 -422.00 201.00 -156.00 322 
1964 15708 -448 -344 -858 170 -423.00 201.00 -156.00 322 
1896 15476 -640 -235 -1012 249 -424.00 202.34 -155.00 322 
2016 15808 -380 -224 -859 230 -421.00 201.00 -154.00 322 
1912 16200 -780 -245 -551 561 -423.00 201.67 -154.00 322 
1936 15808 -412 -523 -264 87 -422.00 202.34 -153.00 322 
2128 16292 -468 -706 -167 104 -423.00 201.00 -152.00 322 
2084 15816 -516 -518 -286 285 -422.00 203.01 -153.00 323 
1772 15356 -252 -289 -348 309 -421.00 202.34 -153.00 322 
1588 15532 -92 -316 -528 -69 -420.00 202.34 -154.00 322 
1772 16024 -376 -249 -698 -22 -422.00 201.67 -153.00 322 
1952 16392 -932 -196 -457 327 -423.00 201.00 -155.00 322 
1956 15720 -796 -233 -172 229 -423.00 202.34 -154.00 322 
1772 16124 -624 -178 195 153 -422.00 201.67 -151.00 323 
1524 15584 -396 -254 180 438 -421.00 203.01 -153.00 323 
1496 15476 -216 -496 -172 324 -423.00 202.34 -150.00 323 
1700 15248 -868 -459 25 78 -422.00 201.67 -153.00 322 
1760 15944 -572 -381 280 225 -422.00 200.33 -153.00 322 
1608 16016 -328 -398 844 557 -421.00 200.33 -153.00 322 
1860 16164 -544 -449 1320 847 -422.00 201.00 -152.00 322 
1692 15628 -256 -501 1612 714 -422.00 201.67 -152.00 322 
1592 15080 -392 -336 1676 703 -421.00 200.33 -156.00 322 
1900 15232 -356 -557 1903 155 -419.00 201.00 -157.00 322 
1896 16344 -404 -364 2436 369 -419.00 200.33 -158.00 321 
2024 16324 -228 -511 2886 475 -418.00 198.99 -158.00 321 
1992 15780 -424 -666 3316 402 -417.00 198.32 -160.00 321 
1884 15648 -380 -493 3794 386 -421.00 197.65 -161.00 320 
1744 14952 -372 -191 4610 103 -418.00 195.64 -163.00 320 
1784 15888 -128 -139 5237 -47 -419.00 194.97 -166.00 319 
2212 16656 -440 -270 5693 497 -419.00 192.96 -170.00 318 
2484 16668 -492 -519 6384 743 -417.00 190.95 -172.00 317 
2488 15824 -164 -613 6976 532 -417.00 188.94 -173.00 317 
2472 16112 0 -563 7691 339 -417.00 186.93 -177.00 316 
2044 15560 276 -434 8005 470 -416.00 182.91 -182.00 315 
2060 14704 -160 47 8323 395 -415.00 180.90 -186.00 314 
2008 15168 -188 479 8873 18 -413.00 178.22 -190.00 313 
1948 15916 -216 849 9300 431 -413.00 172.86 -192.00 312 
2392 15084 -952 1125 9844 373 -416.00 170.18 -195.00 311 
2548 15484 -1052 940 10522 -232 -416.00 164.82 -199.00 309 
2504 16792 -876 383 11017 -154 -417.00 159.46 -201.00 308 
2740 16652 -980 -217 11411 259 -416.00 154.77 -205.00 307 
2588 15732 -1180 -543 11801 230 -418.00 150.08 -209.00 305 
2468 15264 -1064 -535 12214 109 -418.00 142.71 -214.00 303 
2724 15440 -1180 -538 12527 82 -419.00 137.35 -218.00 302 
2844 15864 -1356 -850 12822 -227 -418.00 130.65 -222.00 300 
3008 16500 -952 -1020 13560 -287 -416.00 123.95 -227.00 298 
3268 15644 -1084 -1197 13908 -353 -420.00 115.91 -232.00 296 
2868 15456 -904 -1161 14071 -419 -420.00 107.87 -235.00 294 
2776 16288 -616 -894 14242 417 -419.00 99.83 -239.00 292 
3376 17060 -1020 -686 14956 1651 -419.00 90.45 -243.00 290 
3784 16272 -1220 -659 15534 1321 -419.00 83.08 -245.00 288 
4044 16168 -692 -206 15953 1237 -419.00 75.71 -250.00 286 
3152 14568 628 300 15600 1204 -419.00 65.66 -252.00 284 
2416 13992 1060 638 14847 519 -423.00 58.96 -254.00 283 
2748 14900 904 1512 13924 1142 -422.00 48.24 -255.00 280 
2940 16360 -16 1410 13564 1324 -425.00 43.55 -254.00 279 
2796 15664 8 2877 14039 299 -429.00 32.83 -251.00 277 
2724 16700 368 2766 14156 720 -432.00 27.47 -248.00 276 
2628 16452 780 1996 13734 688 -433.00 17.42 -247.00 274 
2792 16476 676 752 13122 106 -439.00 10.72 -245.00 272 
2588 17228 1168 -611 12461 261 -439.00 2.01 -243.00 270 
2444 16488 688 -1098 12354 772 -443.00 -6.03 -242.00 268 
2080 15388 696 -1511 12512 669 -445.00 -10.72 -243.00 267 
1948 15400 1188 -1649 13186 608 -447.00 -18.09 -242.00 265 
2024 15652 1732 -1143 13157 600 -445.00 -26.13 -240.00 263 
2296 15508 1692 -1012 12757 657 -448.00 -32.83 -241.00 262 
2232 15760 1876 -577 12010 709 -447.00 -40.20 -241.00 260 
2040 15408 1456 -232 11811 886 -450.00 -46.23 -235.00 258 
2076 15160 892 255 11688 809 -451.00 -51.59 -237.00 257 
2140 15516 636 846 11988 622 -453.00 -58.29 -234.00 256 
2160 15912 616 1225 11984 685 -456.00 -64.99 -232.00 254 
1656 15152 1308 1602 11710 576 -454.00 -69.68 -227.00 252 
1180 14776 1588 1697 10977 -20 -464.00 -76.38 -223.00 251 
1352 15704 1368 1544 9884 -177 -463.00 -83.08 -219.00 249 
1732 16228 476 1231 9293 -22 -465.00 -87.77 -215.00 247 
1896 16856 584 1075 9366 -311 -469.00 -93.80 -211.00 246 
1856 16976 416 1054 9809 67 -471.00 -99.83 -206.00 244 
1604 15884 948 874 9734 14 -474.00 -102.51 -203.00 243 
1180 15636 1468 249 9217 -94 -474.00 -107.87 -199.00 241 
1512 15212 1512 -123 8391 -286 -477.00 -112.56 -198.00 240 
1644 15136 928 -19 7955 -575 -478.00 -116.58 -193.00 238 
1292 15100 1036 218 7852 -708 -478.00 -123.28 -190.00 237 
1220 15288 724 715 7927 -263 -477.00 -125.96 -188.00 236 
1040 14348 700 1216 7916 -122 -481.00 -129.31 -183.00 234 
1656 15692 368 1065 7885 -582 -483.00 -134.00 -180.00 233 
2176 16516 -172 865 7781 -254 -485.00 -138.02 -174.00 231 
2292 17028 92 614 7320 -78 -484.00 -142.04 -173.00 230 
2160 16008 -348 523 6514 -300 -487.00 -145.39 -168.00 229 
2004 15792 -768 154 6685 -876 -489.00 -148.74 -165.00 227 
1560 15140 -800 -106 6810 -1105 -489.00 -150.08 -163.00 227 
1120 14648 -1476 -146 7105 -970 -487.00 -154.77 -161.00 226 
1032 15524 -1528 -124 7529 -992 -490.00 -160.13 -157.00 224 
1320 17384 -1768 -146 7735 -415 -491.00 -163.48 -154.00 223 
2120 18152 -1956 -421 8216 762 -492.00 -167.50 -150.00 221 
2712 18160 -1992 -1120 8778 918 -493.00 -170.18 -146.00 220 
2460 18216 -2088 -1492 9653 1055 -492.00 -172.86 -143.00 219 
2140 17020 -1840 -979 9759 2070 -495.00 -176.88 -141.00 218 
1160 14536 -1488 -793 10128 1463 -496.00 -177.55 -137.00 217 
768 14340 -1160 -915 10319 123 -495.00 -179.56 -133.00 216 
560 14772 -24 -852 9815 175 -498.00 -182.91 -129.00 215 
1092 13952 -320 -530 8114 723 -499.00 -185.59 -125.00 213 
1592 14632 -1436 -308 8100 70 -500.00 -188.27 -120.00 212 
1956 16248 -1436 521 8696 242 -503.00 -191.62 -116.00 211 
2004 15940 -1052 1205 9352 1051 -501.00 -192.96 -113.00 210 
2336 15508 -544 1206 9910 948 -503.00 -196.31 -105.00 208 
2660 15380 -504 1155 10482 743 -502.00 -196.98 -100.00 206 
2684 15788 -484 873 10939 974 -504.00 -198.99 -92.00 204 
2728 15228 -920 515 11449 1024 -506.00 -202.34 -86.00 203 
2764 15448 -1760 426 12542 838 -509.00 -203.01 -77.00 200 
2532 15860 -1096 634 12696 790 -509.00 -205.02 -71.00 199 
2580 16084 -1072 506 13549 808 -513.00 -207.03 -62.00 196 
2576 15972 -928 356 14281 674 -514.00 -209.71 -53.00 194 
2700 16700 -868 -324 14934 113 -512.00 -208.37 -45.00 192 
2428 17556 -584 -818 15196 175 -513.00 -210.38 -36.00 189 
2432 16888 -660 -1005 15220 617 -516.00 -212.39 -26.00 186 
2596 15520 -1264 -745 15656 557 -516.00 -212.39 -17.00 184 
3508 16500 -1812 -586 16729 181 -519.00 -213.73 -11.00 182 
3516 18228 -580 -682 16958 762 -517.00 -213.73 -1.00 180 
3244 16844 140 -348 16019 1684 -519.00 -213.06 10.00 177 
2664 14164 136 381 15459 1069 -521.00 -211.05 17.00 175 
2744 13860 612 983 14916 81 -518.00 -207.70 26.00 172 
2580 15484 708 1194 13851 -231 -520.00 -207.03 33.00 170 
2296 15940 240 1420 13206 130 -522.00 -205.69 44.00 167 
2024 15116 -412 1274 13313 22 -521.00 -205.02 54.00 165 
2100 14624 -320 847 13492 -703 -520.00 -202.34 62.00 162 
2252 16360 468 390 13046 -753 -523.00 -201.67 71.00 160 
1872 17192 880 257 12435 454 -519.00 -198.32 79.00 158 
936 14964 984 269 11647 499 -520.00 -196.31 88.00 155 
672 15996 1176 494 10634 259 -522.00 -190.28 94.00 153 
636 16596 864 669 10256 348 -518.00 -189.61 98.00 152 
912 17208 280 850 9398 611 -521.00 -185.59 105.00 150 
668 16576 -272 1409 8776 818 -522.00 -182.24 113.00 148 
348 16180 -608 1910 8402 696 -522.00 -178.22 118.00 146 
-192 15528 -76 1744 7547 800 -520.00 -174.20 122.00 144 
-588 14792 384 1496 5759 806 -519.00 -171.52 130.00 142 
-300 15252 -720 776 4266 287 -520.00 -168.84 130.00 142 
72 16024 -676 85 3148 524 -523.00 -167.50 135.00 141 
144 15200 -1000 -703 2416 226 -521.00 -164.15 140.00 139 
252 14592 -1216 -1182 1741 -161 -521.00 -163.48 141.00 139 
-160 15060 -712 -1908 1263 -104 -523.00 -164.15 141.00 139 
-436 16164 168 -2202 663 1797 -521.00 -162.81 141.00 139 
-56 14308 -716 -961 135 2379 -524.00 -162.81 138.00 139 
400 14656 -776 -205 555 734 -524.00 -161.47 139.00 139 
1320 17896 -476 286 586 1135 -528.00 -158.12 137.00 139 
2080 19008 -768 368 -74 2374 -527.00 -157.45 138.00 138 
2284 16976 -1148 729 -464 2185 -528.00 -155.44 141.00 137 
1620 15780 -720 822 6 367 -527.00 -154.77 143.00 137 
568 15312 432 268 -622 61 -527.00 -154.10 142.00 137 
548 14932 28 123 -1566 355 -529.00 -153.43 142.00 137 
568 15068 -664 -229 -2058 8 -527.00 -154.10 144.00 136 
948 16336 -1680 -512 -1540 624 -528.00 -155.44 141.00 137 
1352 16172 -1560 -530 -405 1068 -526.00 -155.44 144.00 137 
1352 15820 -1108 -704 261 707 -527.00 -156.11 142.00 137 
1140 15716 -476 -751 -339 415 -526.00 -154.10 141.00 137 
1120 15972 -1084 -626 -792 460 -531.00 -154.10 142.00 137 
1108 15248 -1028 77 -858 664 -530.00 -156.11 141.00 137 
924 14988 -964 315 -459 -237 -529.00 -155.44 141.00 137 
852 16008 -284 698 -210 -242 -526.00 -154.77 142.00 137 
968 16380 -240 600 -361 -56 -525.00 -156.78 142.00 137 
552 16484 -132 84 -676 259 -527.00 -156.78 143.00 137 
860 15708 -364 -323 -986 199 -526.00 -158.12 142.00 138 
1152 16196 -1304 -591 -813 -151 -526.00 -160.80 143.00 138 
1080 16520 -1332 -430 -281 20 -527.00 -158.79 144.00 137 
1044 16168 -1020 -257 -13 436 -524.00 -158.12 143.00 137 
748 15332 -992 -199 319 181 -525.00 -159.46 144.00 137 
568 15148 -332 -234 221 -146 -526.00 -160.13 142.00 138 
840 15260 -188 -347 -279 -342 -524.00 -159.46 143.00 138 
900 15764 -456 -147 -477 -189 -521.00 -160.13 143.00 138 
780 16188 -460 -211 -440 72 -525.00 -160.80 143.00 138 
1032 16004 -628 -407 -503 359 -524.00 -162.14 142.00 138 
1156 16080 -1032 -492 -423 381 -525.00 -160.80 143.00 138 
1052 15796 -596 -498 -290 318 -523.00 -162.14 140.00 139 
1020 15852 -900 -689 -167 157 -526.00 -162.14 140.00 139 
792 15868 -560 -654 -45 580 -522.00 -164.15 142.00 139 
884 15156 -732 -654 -124 759 -524.00 -161.47 143.00 138 
748 15172 -612 -507 -276 589 -522.00 -162.81 142.00 138 
896 15512 -1000 -257 -310 814 -524.00 -162.14 143.00 138 
1028 15400 -972 -186 -101 622 -525.00 -162.14 141.00 138 
924 16400 -700 -277 167 419 -523.00 -160.80 140.00 138 
964 16624 -500 -285 142 1248 -525.00 -161.47 140.00 139 
828 15908 -540 -508 -123 1332 -525.00 -160.80 145.00 137 
772 15956 -572 -641 -422 1356 -526.00 -160.80 143.00 138 
556 15560 -668 -774 -270 1204 -523.00 -160.80 142.00 138 
804 15268 -860 -927 -75 647 -524.00 -158.79 143.00 137 
912 16240 -780 -998 -54 741 -524.00 -157.45 141.00 138 
816 16444 -904 -758 -136 1464 -527.00 -156.78 140.00 138 
1124 15428 -1240 -661 162 1226 -527.00 -158.12 142.00 138 
840 15572 -772 -673 208 884 -526.00 -156.78 140.00 138 
796 16076 -296 -455 230 1405 -526.00 -155.44 140.00 137 
912 15376 -1056 -576 112 1153 -527.00 -154.77 139.00 138 
900 15428 -708 -521 9 703 -528.00 -154.77 140.00 137 
756 16300 -700 -320 -86 1197 -529.00 -152.76 141.00 137 
808 16040 -928 -377 -70 1392 -529.00 -152.76 140.00 137 
828 15812 -1104 -409 64 1181 -529.00 -150.08 140.00 136 
848 15628 -996 -410 301 1130 -528.00 -152.76 138.00 137 
720 15424 -1004 -731 278 780 -528.00 -151.42 141.00 137 
760 16308 -980 -827 298 948 -528.00 -149.41 139.00 137 
1028 16248 -1424 -548 823 1260 -529.00 -150.08 141.00 136 
872 15600 -304 -479 677 1056 -532.00 -150.75 139.00 137 
1076 15664 -640 -707 808 1161 -533.00 -146.73 140.00 136 
912 15856 -668 -975 451 1340 -530.00 -148.07 141.00 136 
1348 15508 -852 -988 754 1388 -531.00 -146.73 139.00 136 
1600 15316 -972 -845 1057 1108 -532.00 -144.72 139.00 136 
1692 15332 -132 -847 1095 713 -532.00 -144.72 140.00 135 
1180 15648 -12 -594 907 664 -531.00 -144.72 138.00 136 
540 15756 248 -664 587 712 -532.00 -144.05 140.00 135 
460 15564 72 -770 485 614 -532.00 -144.05 140.00 135 
868 16920 80 -907 635 397 -532.00 -143.38 141.00 135 
1028 16960 172 -639 940 841 -534.00 -142.71 139.00 135 
940 16096 748 -645 989 741 -536.00 -142.71 139.00 135 
456 15880 1728 -955 94 323 -532.00 -142.71 140.00 135 
512 16868 1316 -1389 -740 615 -533.00 -142.71 139.00 135 
988 16688 472 -1474 -1491 1685 -537.00 -142.04 137.00 136 
1300 16240 -872 -1114 -1227 1692 -536.00 -143.38 136.00 136 
660 16392 -488 -704 258 1505 -536.00 -142.71 137.00 136 
232 15796 604 -791 868 1274 -536.00 -142.04 132.00 137 
240 15208 800 -1185 907 1152 -538.00 -142.04 135.00 136 
-44 14788 1088 -951 599 1064 -537.00 -142.04 135.00 136 
-352 14580 984 -454 287 1201 -538.00 -140.03 132.00 136 
-612 14528 40 351 511 877 -539.00 -140.70 132.00 136 
-712 14068 -384 1085 1430 579 -539.00 -141.37 135.00 136 
-736 14876 212 1048 1541 -247 -539.00 -139.36 133.00 136 
-1088 15500 1896 374 1072 -385 -539.00 -140.70 135.00 136 
-1344 15788 1112 -119 -181 441 -541.00 -142.04 139.00 135 
-1096 15232 444 -139 -625 544 -541.00 -142.71 137.00 136 
-1296 15852 324 8 -480 178 -541.00 -144.05 137.00 136 
-1060 16612 732 -137 -425 -85 -540.00 -146.73 140.00 136 
-732 17052 408 -50 -554 554 -540.00 -146.73 138.00 136 
-592 16632 196 -124 -741 962 -541.00 -149.41 139.00 137 
-460 17624 368 -218 -1296 934 -542.00 -151.42 137.00 137 
112 18728 436 -75 -1946 1279 -543.00 -151.42 138.00 137 
896 18264 96 232 -2617 1057 -543.00 -153.43 139.00 137 
1344 19200 -484 516 -2793 80 -544.00 -156.11 139.00 138 
788 18916 -128 1269 -2953 1145 -545.00 -159.46 137.00 139 
1620 17892 -216 907 -3818 1799 -543.00 -160.80 135.00 139 
2396 18444 -1376 298 -4400 1315 -545.00 -162.14 134.00 140 
3160 17776 -1460 673 -4781 1318 -545.00 -166.16 133.00 141 
2952 15840 -2124 689 -4554 181 -544.00 -167.50 131.00 141 
2004 15476 -1232 -10 -4048 -1187 -544.00 -171.52 128.00 143 
2532 16052 -1212 -934 -4487 -980 -543.00 -176.21 126.00 144 
3060 16564 -1560 -2044 -5095 -593 -541.00 -178.89 122.00 145 
3360 15936 -1768 -2436 -4709 -688 -538.00 -185.59 117.00 147 
3040 16660 -872 -2703 -3729 -1310 -540.00 -188.94 111.00 149 
2772 15812 508 -2797 -2913 -469 -540.00 -192.96 105.00 151 
2220 13268 360 -2867 -3175 -342 -536.00 -196.98 99.00 153 
1632 12220 140 -2702 -3456 -301 -536.00 -198.99 95.00 154 
928 11108 -512 -1733 -3231 410 -534.00 -204.35 88.00 156 
1944 11840 -2336 -669 -1945 631 -533.00 -205.02 87.00 157 
2108 12720 -2992 -265 164 196 -533.00 -206.36 83.00 158 
1776 13008 -1464 -20 893 360 -532.00 -209.71 83.00 158 
1460 13844 -328 -238 -61 462 -533.00 -211.72 80.00 159 
660 14196 -68 -740 -1049 712 -529.00 -211.72 79.00 159 
528 14804 -748 -688 -1130 -393 -531.00 -213.73 80.00 159 
-80 15544 -448 -854 -1023 -831 -527.00 -215.07 75.00 160 
-380 15032 88 -691 -1255 -858 -527.00 -218.42 75.00 161 
-284 16304 -984 -976 -1169 -1415 -523.00 -220.43 73.00 161 
-584 18812 -1144 -1996 332 -1927 -522.00 -226.46 73.00 162 
-368 18168 -400 -2356 1127 -608 -515.00 -228.47 69.00 163 
256 17988 80 -3172 1620 -1103 -514.00 -230.48 67.00 163 
1452 19696 -456 -3114 1946 -1795 -513.00 -234.50 64.00 164 
2028 20508 -300 -2344 2577 -1951 -508.00 -236.51 63.00 165 
1724 19144 228 -539 3354 -1411 -504.00 -241.87 59.00 166 
2140 19044 1504 55 4071 -1156 -501.00 -242.54 58.00 166 
2756 21868 2528 -164 3305 48 -495.00 -246.56 60.00 166 
2776 22792 2536 -971 3160 1107 -492.00 -246.56 64.00 165 
3768 18664 1800 -475 3363 2601 -489.00 -246.56 64.00 165 
2996 14648 1228 405 5238 344 -487.00 -245.22 64.00 165 
3280 14364 2120 1662 6021 -406 -488.00 -244.55 68.00 164 
3280 13424 3084 1879 4812 -346 -479.00 -243.88 68.00 164 
2752 12980 1224 1523 2450 -933 -476.00 -243.21 75.00 162 
2640 13628 1860 170 1249 -946 -471.00 -244.55 80.00 161 
2404 14448 44 571 -168 -768 -466.00 -247.90 81.00 161 
2476 14808 -1164 -153 1865 -708 -462.00 -248.57 80.00 162 
2000 14428 -992 -541 3674 7 -460.00 -248.57 81.00 161 
900 11944 320 -904 4258 356 -454.00 -250.58 83.00 161 
-52 12088 764 -1388 3787 138 -453.00 -248.57 85.00 161 
-308 12424 1216 -1309 2905 838 -450.00 -249.24 84.00 161 
-372 12308 904 -1025 1924 1027 -448.00 -248.57 84.00 161 
-156 12660 -12 -408 1468 396 -443.00 -247.90 87.00 160 
-396 13476 320 -263 1249 -242 -446.00 -249.24 87.00 160 
-700 13860 148 -93 502 233 -440.00 -247.90 88.00 160 
-440 14008 348 103 -154 84 -433.00 -249.91 88.00 160 
-320 15308 248 -117 -920 -541 -430.00 -248.57 87.00 160 
-572 16404 76 31 -1718 -779 -427.00 -252.59 87.00 160 
-536 15748 500 748 -2676 -473 -421.00 -251.92 87.00 160 
-324 17292 -472 1405 -3707 -805 -417.00 -255.94 86.00 161 
140 18540 -172 1645 -3222 -476 -415.00 -257.95 85.00 161 
560 18952 -528 1572 -3391 -647 -407.00 -258.62 84.00 162 
-324 18640 -1192 1627 -3373 -926 -403.00 -261.97 84.00 162 
-680 17916 -1228 2349 -3382 880 -395.00 -262.64 83.00 162 
1008 18020 -836 2514 -4094 2178 -391.00 -263.98 81.00 162 
3780 20460 -2552 2625 -4604 1610 -387.00 -262.64 77.00 163 
5232 22568 -4328 2436 -3187 1254 -382.00 -262.64 80.00 163 
3816 19676 -1824 1598 -1841 383 -380.00 -261.97 78.00 163 
2468 18184 -324 808 -2295 724 -377.00 -261.30 77.00 163 
2236 15404 -876 145 -3104 964 -374.00 -259.96 78.00 163 
2608 15048 -1448 -200 -2997 597 -369.00 -259.29 75.00 163 
2236 15048 -1384 -900 -2228 1079 -366.00 -259.29 73.00 164 
1948 14028 -1076 -2550 -1904 380 -364.00 -259.29 71.00 164 
1956 13492 -936 -3988 -1826 180 -361.00 -257.95 70.00 164 
1508 12424 -856 -3927 -1699 459 -360.00 -257.28 65.00 165 
1272 11260 -540 -3018 -1414 272 -358.00 -255.94 59.00 167 
960 11396 -48 -2478 -1250 -813 -353.00 -256.61 57.00 167 
520 12908 604 -1964 -1707 -632 -352.00 -255.94 57.00 167 
224 13000 -80 -1816 -1673 -290 -348.00 -255.94 54.00 168 
-4 13512 -224 -1780 -1365 -109 -343.00 -255.27 51.00 168 
428 13484 -784 -1787 -807 -271 -338.00 -255.94 50.00 168 
488 14564 -588 -1779 -436 -321 -338.00 -256.61 47.00 169 
160 15636 320 -1868 -382 415 -332.00 -257.28 47.00 169 
-668 15944 184 -1754 -243 754 -332.00 -255.94 47.00 169 
-1288 15604 396 -1634 522 818 -328.00 -255.27 45.00 170 
-1052 15116 -20 -1750 1150 -535 -326.00 -254.60 42.00 170 
48 17948 700 -2211 1456 -674 -322.00 -255.27 45.00 170 
864 19548 688 -2827 872 -453 -317.00 -255.27 43.00 170 
1324 19404 -168 -2006 1002 119 -315.00 -254.60 41.00 170 
1368 17212 -1048 -301 2460 -255 -310.00 -252.59 44.00 170 
320 18160 240 1231 4324 -541 -309.00 -251.92 43.00 170 
2556 19996 1644 1718 4253 1810 -302.00 -252.59 49.00 169 
4008 20704 856 1147 3637 2510 -303.00 -251.92 49.00 168 
5492 22784 980 -1076 3760 1981 -299.00 -247.23 52.00 168 
3656 19196 2288 -1771 3852 1304 -298.00 -243.88 54.00 167 
2648 15564 2684 -825 3787 1465 -297.00 -243.21 58.00 166 
3492 14468 1524 -898 3357 1161 -298.00 -241.20 59.00 166 
3540 15372 1288 -1116 3051 342 -297.00 -239.86 62.00 165 
3252 16324 748 -1177 2951 960 -296.00 -237.85 63.00 165 
2204 14412 -304 224 3603 2286 -291.00 -238.52 65.00 164 
1288 12164 1584 648 4270 1362 -290.00 -233.16 66.00 164 
1372 12508 40 470 4343 -46 -289.00 -233.16 68.00 163 
1372 12820 208 779 3783 455 -287.00 -230.48 70.00 163 
804 12360 -156 875 3155 640 -285.00 -229.81 75.00 161 
296 12288 368 821 2506 201 -280.00 -227.13 78.00 161 
-72 13488 324 1203 2159 423 -281.00 -227.13 77.00 161 
-52 13136 280 1238 1631 572 -277.00 -225.79 81.00 160 
260 13240 -344 1163 1015 128 -273.00 -226.46 83.00 159 
-72 13876 -204 1320 241 -270 -271.00 -223.78 81.00 160 
-480 14864 -156 1365 68 -331 -268.00 -223.78 83.00 159 
-188 16248 8 1091 -123 113 -265.00 -225.12 86.00 159 
-60 16168 -276 151 -278 -503 -262.00 -223.78 86.00 158 
-232 16660 -224 -161 -113 -765 -258.00 -223.78 86.00 158 
-712 16040 696 240 -485 -272 -255.00 -225.79 85.00 159 
-992 15780 948 613 -1451 -802 -251.00 -225.12 86.00 159 
-432 17964 1064 604 -2435 -1180 -245.00 -227.13 85.00 159 
376 19736 16 94 -3299 -778 -243.00 -225.79 83.00 159 
-24 18484 -484 128 -2950 -422 -241.00 -227.80 82.00 160 
652 18724 -1408 -442 -2187 31 -237.00 -228.47 83.00 160 
2280 19720 -1492 -1160 -2478 1503 -234.00 -227.80 77.00 161 
3592 20240 -1956 -2112 -3029 2166 -232.00 -227.13 78.00 161 
4456 19556 -2952 -2385 -2237 1803 -230.00 -227.80 77.00 161 
3280 17144 -1272 -2817 -1824 507 -229.00 -227.80 72.00 162 
1500 14568 544 -2284 -2386 -190 -228.00 -227.13 69.00 163 
1384 13608 -96 -822 -4006 978 -226.00 -225.79 70.00 162 
2108 13680 -1916 878 -4179 1721 -225.00 -225.79 65.00 163 
3060 15420 -2568 1513 -2936 1404 -222.00 -227.13 65.00 164 
3548 16160 -1848 1189 -1864 1308 -222.00 -226.46 63.00 164 
3000 15748 -1284 158 -1717 1333 -218.00 -225.79 64.00 164 
1832 14448 376 -746 -2555 1431 -219.00 -223.11 62.00 164 
1204 13584 -976 -1142 -2696 1455 -217.00 -223.78 61.00 164 
1008 13368 -1460 -1102 -1271 1399 -217.00 -224.45 59.00 165 
1024 13392 -1664 -977 665 660 -218.00 -223.78 60.00 164 
748 13844 -944 -888 2124 411 -215.00 -223.78 58.00 165 
432 13612 -20 -879 2751 542 -211.00 -223.11 61.00 164 
28 13552 540 -1411 2518 -57 -212.00 -222.44 60.00 164 
-12 15104 200 -1657 1704 15 -208.00 -221.77 64.00 163 
584 16452 -1220 -1383 2309 1039 -207.00 -222.44 63.00 164 
1168 15892 -2516 -1226 3957 1049 -205.00 -221.10 66.00 163 
868 15688 -1436 -1558 5130 124 -204.00 -222.44 67.00 163 
140 15056 804 -1720 3985 -531 -205.00 -221.10 70.00 162 
-340 15160 652 -1897 2586 -1244 -202.00 -220.43 74.00 161 
596 17200 84 -2147 1500 -1051 -200.00 -221.10 77.00 160 
1520 17812 212 -2173 818 -842 -198.00 -223.78 75.00 161 
2296 18120 -760 -2071 690 -1615 -193.00 -223.78 77.00 161 
1468 17552 -1728 -1659 2035 -1897 -191.00 -223.78 79.00 160 
-36 17804 -48 -1185 3480 -830 -191.00 -226.46 77.00 161 
2068 18888 568 -375 3231 2353 -186.00 -228.47 79.00 160 
2876 19488 -312 -381 3126 1865 -181.00 -226.46 83.00 159 
5008 21116 124 -755 4194 2095 -181.00 -226.46 85.00 159 
4968 18580 220 -90 4456 1760 -178.00 -223.78 85.00 159 
3380 14680 1504 811 4288 -84 -177.00 -224.45 89.00 158 
2708 13932 2648 60 3638 -1601 -174.00 -223.78 93.00 157 
3828 17136 1632 -852 2471 -539 -171.00 -223.78 93.00 157 
4424 16628 1216 -1349 1612 364 -164.00 -223.78 98.00 156 
4648 14428 -36 -857 2126 -397 -163.00 -224.45 98.00 156 
3508 13548 2352 538 2282 -472 -160.00 -221.77 99.00 155 
2924 14628 2956 2291 588 387 -158.00 -222.44 100.00 155 
2768 13816 2008 2282 -809 1023 -153.00 -223.11 98.00 156 
2472 15296 1080 1008 -1441 191 -152.00 -222.44 99.00 156 
2116 17168 796 -262 -1887 677 -150.00 -221.77 99.00 155 
1340 16508 -236 -1011 -1739 1723 -143.00 -221.77 97.00 156 
1040 14548 -788 -1375 -1068 2070 -143.00 -223.78 95.00 157 
1240 13600 -704 -1520 -478 1165 -145.00 -223.11 95.00 156 
2140 15428 -1164 -1160 -651 805 -143.00 -223.78 97.00 156 
2084 15952 -544 -874 -593 514 -142.00 -223.78 95.00 157 
2228 16228 -56 -84 -1278 76 -139.00 -223.78 95.00 157 
1928 14904 1136 -314 -2309 -853 -137.00 -221.77 92.00 157 
2584 15508 840 -542 -3764 -1810 -137.00 -223.11 92.00 157 
3068 15664 -716 -119 -4140 -1615 -132.00 -225.79 91.00 158 
2976 15372 -584 273 -4175 -1339 -129.00 -226.46 89.00 158 
2412 15732 224 808 -3702 -1023 -126.00 -225.79 87.00 158 
2024 16312 1176 763 -3512 -651 -123.00 -228.47 83.00 160 
2376 17492 1256 1098 -3976 118 -120.00 -228.47 81.00 160 
2760 17340 -8 1154 -4005 1494 -117.00 -229.14 79.00 160 
2832 14776 -244 417 -3578 1473 -118.00 -229.81 76.00 161 
3020 15176 780 141 -3754 984 -115.00 -231.82 76.00 161 
2856 15416 -904 8 -4016 988 -114.00 -231.15 73.00 162 
2256 14428 -1180 -128 -2163 1139 -113.00 -232.49 71.00 163 
1744 13500 -212 -431 -1389 102 -114.00 -231.82 67.00 163 
2112 15188 168 -870 -1284 -517 -112.00 -232.49 69.00 163 
2104 16476 472 -671 -1909 571 -110.00 -233.16 68.00 163 
1772 15376 -888 -83 -1915 1542 -112.00 -233.16 67.00 163 
1396 14244 -1188 498 -1285 1226 -111.00 -232.49 65.00 164 
1256 15236 -1404 817 -544 660 -110.00 -233.16 64.00 164 
1788 16064 -1540 1162 -141 883 -111.00 -233.16 64.00 164 
1848 16544 -1692 981 376 470 -109.00 -233.83 66.00 164 
1748 17212 -932 384 629 307 -109.00 -234.50 66.00 164 
1484 17076 -856 306 531 970 -110.00 -235.84 65.00 164 
1024 16648 -128 -134 385 1517 -107.00 -234.50 67.00 164 
996 16244 -708 -883 -191 1435 -108.00 -234.50 67.00 164 
1028 16440 -1472 -1664 -374 1192 -111.00 -234.50 66.00 164 
984 16528 -1396 -2096 -304 1094 -111.00 -233.83 66.00 164 
704 15744 -1124 -2152 -93 1001 -113.00 -233.83 65.00 164 
896 15516 -1224 -2094 151 982 -112.00 -233.83 66.00 164 
160 15124 -288 -1831 14 1056 -112.00 -233.83 65.00 164 
600 15244 -824 -1693 98 675 -114.00 -233.83 66.00 164 
1168 15544 -1016 -1032 598 183 -113.00 -233.83 65.00 164 
1672 17492 -1692 -672 1263 306 -113.00 -231.15 65.00 164 
2004 17352 -236 -493 747 1004 -113.00 -233.83 65.00 164 
1412 15516 320 -548 -155 1402 -112.00 -233.16 67.00 163 
1496 15532 -124 -894 -650 1000 -113.00 -231.82 66.00 164 
1400 15676 28 -597 -675 1119 -113.00 -231.15 65.00 164 
1300 15124 24 -360 -734 789 -114.00 -231.82 65.00 164 
1624 15212 -184 -246 -630 286 -113.00 -232.49 68.00 163 
1372 15900 -160 49 -356 269 -116.00 -232.49 64.00 164 
1408 15984 152 188 -204 638 -112.00 -231.82 66.00 164 
1364 15828 4 289 -204 799 -113.00 -233.83 65.00 164 
1400 15992 -32 255 -46 707 -112.00 -233.16 63.00 164 
1620 15908 84 148 17 704 -112.00 -233.16 67.00 163 
1844 15652 -272 86 180 259 -113.00 -234.50 64.00 164 
1436 15944 104 91 121 347 -113.00 -233.16 65.00 164 
1332 15492 296 337 -182 482 -112.00 -233.16 66.00 164 
1260 15692 -328 474 -151 396 -112.00 -229.81 67.00 163 
1500 16232 -428 244 -36 61 -112.00 -234.50 68.00 163 
1408 16608 12 129 -76 525 -112.00 -232.49 68.00 163 
1208 15996 -140 52 -114 646 -111.00 -231.82 65.00 164 
1044 15632 -380 44 -31 538 -111.00 -233.83 67.00 164 
1500 16132 -560 -71 197 379 -112.00 -232.49 66.00 164 
1280 16092 -80 -106 -94 812 -111.00 -231.82 63.00 164 
1276 15796 -20 -357 -375 881 -112.00 -231.82 66.00 164 
1236 15348 -252 -507 -585 550 -110.00 -233.16 67.00 163 
936 15780 -108 -383 -814 545 -111.00 -231.15 65.00 164 
932 15480 -516 -190 -893 481 -112.00 -233.83 66.00 164 
956 15504 -204 -124 -876 240 -113.00 -233.83 66.00 164 
1164 15796 -384 -157 -1198 349 -113.00 -231.82 64.00 164 
1396 16232 -756 -347 -1186 493 -110.00 -233.83 64.00 164 
1372 15800 -520 -372 -1088 721 -111.00 -234.50 65.00 164 
1436 15748 -648 -260 -639 424 -112.00 -235.17 63.00 165 
1608 16472 -572 -419 -303 494 -111.00 -233.83 62.00 165 
1768 16832 -288 -945 -42 601 -113.00 -233.83 64.00 164 
1808 16788 -200 -1389 -159 814 -113.00 -234.50 61.00 165 
1864 16572 -680 -1878 -9 659 -112.00 -233.16 63.00 164 
1644 16352 -452 -1817 144 1122 -115.00 -233.83 60.00 165 
1160 15008 192 -1522 167 1234 -113.00 -233.16 62.00 165 
1016 14928 112 -601 78 948 -115.00 -233.16 61.00 165 
892 14520 356 136 -134 869 -113.00 -233.16 61.00 165 
500 14704 716 549 -336 421 -113.00 -233.83 62.00 165 
836 15124 236 981 -714 157 -115.00 -232.49 62.00 165 
1036 15944 -168 1168 -860 66 -116.00 -233.83 60.00 165 
1240 16624 -300 1016 -937 239 -115.00 -232.49 58.00 165 
1336 16312 -520 692 -1021 577 -115.00 -233.83 60.00 165 
1492 16212 -392 233 -917 203 -113.00 -234.50 60.00 165 
1396 16620 -92 -236 -857 219 -112.00 -235.17 62.00 165 
1416 16256 -24 -865 -1021 411 -112.00 -234.50 60.00 165 
1828 16248 -624 -1286 -943 148 -113.00 -233.83 61.00 165 
1776 15844 -540 -1559 -503 -113 -110.00 -235.17 58.00 166 
1600 15516 -208 -1334 -200 -189 -111.00 -233.83 58.00 166 
1480 14856 -124 -1607 383 -1071 -111.00 -234.50 58.00 166 
1492 16612 96 -1398 557 -908 -111.00 -235.17 59.00 165 
1584 15824 -12 -983 268 -193 -111.00 -234.50 58.00 166 
1584 15856 -180 -480 436 297 -109.00 -233.16 58.00 166 
1460 14772 -496 -287 1212 -83 -110.00 -233.83 58.00 166 
1928 16064 -144 -436 1965 -469 -109.00 -235.17 59.00 165 
2188 16340 -204 -511 2252 -36 -107.00 -233.83 62.00 165 
2140 16692 244 -498 2496 449 -109.00 -233.83 62.00 165 
1952 15892 316 -806 3174 355 -110.00 -234.50 63.00 164 
1780 15700 588 -785 3537 115 -106.00 -231.82 67.00 163 
1796 15728 664 -531 3827 9 -110.00 -233.16 65.00 164 
1664 15680 -124 237 4426 282 -110.00 -233.83 70.00 163 
1368 15344 -68 674 5470 30 -109.00 -231.82 73.00 162 
1400 15588 -180 806 6152 -75 -107.00 -228.47 75.00 161 
1356 16180 -36 759 6710 74 -107.00 -228.47 81.00 160 
1616 15956 -580 581 7030 243 -107.00 -227.13 83.00 159 
1500 15924 -932 538 7784 134 -106.00 -225.79 88.00 158 
1656 16380 -556 379 8652 -188 -108.00 -223.78 91.00 157 
2008 16392 -920 133 9066 -114 -107.00 -221.10 95.00 156 
1852 16420 -444 -418 9729 -46 -106.00 -220.43 102.00 155 
1924 17084 4 -895 10231 211 -108.00 -217.08 107.00 153 
2064 16596 -552 -1104 10933 405 -106.00 -214.40 112.00 152 
2108 16124 -640 -1084 12044 165 -112.00 -210.38 116.00 151 
1912 15700 -304 -934 12518 56 -110.00 -206.36 123.00 149 
1836 15064 -80 -728 12476 365 -110.00 -201.67 131.00 146 
1856 14112 -652 62 12524 122 -112.00 -197.65 136.00 145 
1876 15128 -1068 504 13447 -442 -112.00 -190.28 143.00 143 
1896 15460 -1192 761 14185 -133 -110.00 -186.93 146.00 142 
2408 15904 -1864 658 14671 -363 -110.00 -180.90 154.00 139 
2732 16288 -2260 112 15436 -757 -112.00 -174.87 162.00 137 
2572 16520 -2004 -440 16169 -1028 -110.00 -168.84 170.00 134 
2864 15616 -1460 -1267 16567 -1432 -111.00 -161.47 175.00 132 
3136 16768 -1572 -2172 17046 -1984 -113.00 -152.76 179.00 130 
2632 15344 -2468 -2704 17801 -1868 -113.00 -144.72 186.00 127 
3288 16464 -2436 -2690 19563 -2290 -114.00 -134.00 191.00 125 
2712 16452 -1328 -1978 19629 -1099 -117.00 -126.63 196.00 122 
2312 15952 -664 -1680 19562 -406 -117.00 -115.24 205.00 119 
2448 16184 912 -1717 18701 752 -118.00 -103.18 204.00 116 
4168 17296 -452 -2542 17777 1530 -120.00 -93.13 210.00 113 
4780 17596 -628 -3134 17211 1799 -124.00 -81.07 212.00 110 
3644 16052 -12 -2642 17423 2276 -125.00 -71.02 219.00 107 
2000 12724 1084 -1019 17935 1926 -131.00 -59.63 218.00 105 
2044 12608 1376 345 18053 1100 -134.00 -48.91 219.00 102 
2244 13652 1812 1357 16985 1195 -136.00 -36.85 218.00 99 
2388 15232 1104 1737 16734 975 -135.00 -26.13 221.00 96 
2848 16056 1080 2268 16680 1274 -135.00 -14.74 221.00 93 
2984 16708 1420 1959 17037 1022 -135.00 -6.03 221.00 91 
3588 17328 1092 1332 17039 719 -133.00 6.70 222.00 88 
3140 17120 2228 551 17094 449 -135.00 18.09 220.00 85 
2424 16516 1140 -246 16762 450 -135.00 28.14 218.00 82 
1700 15576 952 -401 16382 107 -136.00 39.53 219.00 79 
1096 15140 768 -199 16401 -474 -137.00 50.25 214.00 76 
1244 15876 864 239 16644 -534 -140.00 60.97 210.00 73 
1788 15812 392 134 17004 -937 -141.00 70.35 206.00 71 
2020 17100 792 -4 16696 -1017 -144.00 81.07 201.00 68 
1552 16652 1052 -507 15826 -433 -143.00 91.12 196.00 65 
1212 15724 1320 -800 14689 -237 -147.00 100.50 190.00 62 
1272 15856 564 -1251 14414 -840 -147.00 107.87 187.00 60 
1308 15884 84 -1335 14462 -296 -148.00 117.92 176.00 56 
1172 14180 -440 -1249 14723 -186 -152.00 125.96 171.00 53 
860 14052 -748 -1022 14831 -31 -153.00 131.32 167.00 51 
1040 14416 -1560 -585 15415 481 -156.00 140.03 160.00 48 
1424 14804 -752 -70 16430 760 -158.00 148.74 154.00 45 
1648 17272 -380 10 16740 874 -159.00 155.44 147.00 43 
2032 17148 184 167 15823 1254 -158.00 162.14 137.00 40 
1692 15424 220 -569 14168 409 -155.00 170.18 129.00 37 
1076 14840 -1580 -704 12719 -188 -157.00 177.55 120.00 34 
900 14164 -2984 -108 12597 -283 -159.00 180.23 116.00 32 
1180 15492 -3820 31 13820 -55 -159.00 186.93 107.00 29 
1448 16796 -3364 -848 14898 752 -158.00 189.61 100.00 27 
2324 17744 -2856 -1355 14577 1553 -157.00 195.64 93.00 25 
2880 18140 -3568 -2138 15032 1691 -158.00 201.00 85.00 22 
2684 17860 -2596 -2412 15556 1974 -156.00 205.02 75.00 20 
2268 16460 -2316 -2477 15082 2341 -155.00 209.71 65.00 17 
1672 14168 -2944 -1943 14433 2227 -154.00 213.73 56.00 14 
1212 14004 -2820 -373 14190 1905 -154.00 217.75 46.00 11 
892 14952 -2748 1562 13988 1730 -154.00 219.76 40.00 10 
964 16156 -2600 2253 13600 1431 -151.00 224.45 32.00 8 
1272 16996 -3084 1950 13313 936 -149.00 226.46 23.00 5 
1292 17480 -2736 1421 13047 738 -143.00 228.47 15.00 3 
1332 16708 -2636 939 12476 538 -146.00 229.81 6.00 1 
1372 16492 -3364 527 12291 114 -145.00 231.15 -1.00 359 
1816 16728 -3592 61 12523 -243 -145.00 231.82 -6.00 358 
1760 15984 -3284 -213 12478 131 -143.00 232.49 -14.00 356 
2144 14924 -3940 -202 12493 -299 -141.00 233.16 -22.00 354 
1912 14904 -3132 -1 12037 -382 -142.00 233.16 -30.00 352 
1632 14772 -2724 -54 11715 -84 -141.00 233.16 -37.00 350 
1448 14084 -2628 -149 11361 -320 -143.00 233.83 -46.00 348 
1100 14692 -3388 -10 11533 -34 -143.00 232.49 -51.00 347 
1216 15088 -3108 732 11273 644 -140.00 231.82 -59.00 345 
1324 15452 -2152 802 11185 1093 -137.00 232.49 -67.00 343 
1588 16656 -2072 805 11045 1834 -139.00 230.48 -74.00 342 
1540 16484 -1392 799 11070 1979 -138.00 231.15 -81.00 340 
1432 17180 -652 67 10141 1706 -134.00 229.81 -86.00 339 
1272 16660 -192 -674 8535 2072 -131.00 228.47 -93.00 337 
700 15912 8 -1031 6856 1704 -129.00 227.13 -99.00 336 
372 16008 -376 -1068 6235 1410 -127.00 227.80 -102.00 335 
552 16044 -1152 -1147 6435 996 -126.00 224.45 -106.00 334 
408 16544 -976 -1179 6893 1227 -123.00 224.45 -112.00 333 
188 15716 -352 -1084 6546 1225 -123.00 223.78 -116.00 332 
-80 15860 164 -998 6122 897 -121.00 223.78 -120.00 331 
-156 15908 344 -252 5491 1048 -120.00 221.77 -122.00 331 
-92 16084 1072 -121 4538 808 -117.00 219.09 -127.00 329 
432 16784 472 -45 3074 895 -116.00 219.76 -131.00 329 
672 16896 -656 -7 2371 606 -115.00 219.09 -132.00 328 
260 15716 0 391 2032 348 -112.00 220.43 -133.00 328 
-460 15600 960 528 873 158 -115.00 217.08 -134.00 328 
-636 15460 992 828 -773 309 -113.00 217.75 -134.00 328 
-216 15428 520 550 -1837 -2 -114.00 217.75 -136.00 328 
156 16332 -100 262 -2421 -121 -113.00 217.75 -135.00 328 
144 16524 -504 371 -2498 494 -113.00 219.09 -130.00 329 
-456 15656 -392 445 -2216 772 -115.00 219.76 -129.00 329 
4 16080 -476 683 -2238 1258 -113.00 219.09 -130.00 329 
496 17080 -896 669 -1808 1208 -114.00 221.10 -128.00 329 
852 17676 -388 332 -1669 992 -110.00 221.10 -124.00 330 
952 17324 -248 40 -1959 982 -113.00 221.10 -125.00 330 
696 16456 -68 -1183 -2393 279 -111.00 221.77 -123.00 330 
564 15924 -44 -2026 -2807 -13 -113.00 221.77 -121.00 331 
668 15436 -1136 -1934 -2552 -121 -111.00 222.44 -120.00 331 
500 14980 -1152 -1697 -1357 -134 -112.00 222.44 -117.00 332 
884 15076 -1096 -956 -653 -8 -112.00 223.11 -119.00 331 
780 14972 -608 -905 104 -115 -113.00 222.44 -118.00 332 
1088 15492 -60 -546 -210 282 -112.00 223.78 -117.00 332 
1428 16144 -292 -507 -219 436 -113.00 223.11 -117.00 332 
1700 15724 -496 -283 -392 286 -113.00 222.44 -119.00 331 
1648 15780 -756 -152 -221 -227 -113.00 225.12 -118.00 332 
1248 16048 -84 143 8 77 -112.00 224.45 -117.00 332 
808 15620 148 188 -245 128 -113.00 223.11 -118.00 332 
720 15624 48 29 -350 93 -113.00 224.45 -116.00 332 
768 16060 -152 -340 -510 221 -114.00 222.44 -119.00 331 
896 16064 -320 -667 -599 294 -114.00 224.45 -117.00 332 
672 15756 -552 -780 -581 271 -113.00 223.78 -118.00 332 
672 16000 -1076 -735 -280 363 -113.00 223.78 -115.00 332 
596 15868 -600 -601 129 542 -112.00 224.45 -114.00 333 
660 15608 -500 -430 234 535 -115.00 223.11 -117.00 332 
624 15460 0 -262 128 482 -112.00 223.11 -119.00 331 
612 15856 -200 -221 -30 393 -113.00 223.78 -117.00 332 
588 15752 8 53 -487 623 -112.00 222.44 -116.00 332 
740 15308 -508 -67 -593 202 -112.00 223.78 -115.00 332 
964 16496 -928 -21 -403 145 -113.00 223.78 -115.00 332 
932 16624 -1200 -176 -81 460 -115.00 223.11 -114.00 332 
940 15956 -1068 -380 168 478 -114.00 222.44 -116.00 332 
688 16168 -620 -520 398 552 -111.00 223.11 -116.00 332 
492 15948 -584 -523 358 535 -113.00 223.78 -117.00 332 
464 15888 -652 -633 377 522 -114.00 223.78 -115.00 332 
488 15868 -344 -795 276 409 -113.00 222.44 -116.00 332 
608 15784 -568 -863 312 540 -115.00 223.11 -116.00 332 
688 16000 -748 -841 535 714 -115.00 223.11 -116.00 332 
516 15744 -760 -677 641 619 -113.00 223.78 -118.00 332 
604 15384 -780 -558 947 348 -115.00 223.11 -118.00 332 
772 15924 -400 -287 814 429 -116.00 223.11 -118.00 332 
712 15880 -484 -347 604 460 -114.00 221.10 -118.00 331 
744 15660 -744 -665 549 144 -116.00 222.44 -120.00 331 
800 16192 -788 -636 600 241 -115.00 223.11 -119.00 331 
572 15556 -628 -535 561 771 -116.00 221.77 -119.00 331 
520 15492 -712 -757 571 497 -118.00 221.10 -121.00 331 
460 15784 -520 -918 514 632 -116.00 223.11 -120.00 331 
664 15776 -756 -831 470 810 -117.00 222.44 -122.00 331 
864 15856 -852 -885 657 777 -117.00 222.44 -122.00 331 
732 16036 -680 -856 822 751 -114.00 221.10 -122.00 331 
580 15600 -364 -947 787 673 -116.00 221.77 -123.00 330 
616 15692 -240 -989 528 943 -119.00 221.10 -123.00 330 
592 15120 -640 -799 474 758 -117.00 221.77 -123.00 330 
720 14852 -508 -570 671 371 -117.00 220.43 -126.00 330 
688 15612 -96 -450 729 324 -116.00 221.10 -126.00 330 
436 15180 -188 -232 680 153 -117.00 221.10 -128.00 329 
-240 15288 276 -324 577 154 -120.00 221.10 -125.00 330 
-420 15548 104 -365 438 852 -120.00 221.10 -125.00 330 
-204 16204 740 -413 334 1380 -121.00 221.77 -128.00 330 
-140 16604 812 -283 297 1466 -123.00 223.78 -128.00 330 
20 17028 652 98 473 1716 -119.00 221.77 -128.00 330 
-384 16604 560 15 785 1797 -123.00 220.43 -129.00 329 
-848 15980 616 9 591 1876 -122.00 222.44 -130.00 329 
-808 15816 1032 -365 209 1706 -120.00 222.44 -131.00 329 
-724 16052 16 -200 -414 1934 -119.00 221.77 -129.00 329 
-1228 15960 616 -27 -203 1947 -122.00 221.77 -130.00 329 
-1748 14516 760 -427 -281 1402 -118.00 222.44 -128.00 330 
-1592 15960 704 -1289 -658 954 -123.00 221.77 -130.00 329 
-240 16776 -240 -1708 -705 1849 -120.00 222.44 -129.00 329 
-308 16356 -424 -1682 -155 1634 -121.00 224.45 -129.00 330 
-656 16668 328 -2191 547 720 -120.00 224.45 -129.00 330 
-812 16924 988 -2449 799 826 -123.00 224.45 -128.00 330 
-1084 15740 1380 -2587 649 676 -125.00 223.78 -129.00 330 
-1564 15648 2096 -2213 -154 428 -124.00 224.45 -133.00 329 
-2372 14556 1700 -1715 -234 276 -125.00 225.12 -132.00 329 
-1516 14004 328 -682 -245 -151 -129.00 224.45 -132.00 329 
-1512 15024 792 -137 -26 -1026 -127.00 224.45 -131.00 329 
-1704 16196 1284 130 -287 -964 -134.00 224.45 -132.00 329 
-2100 16876 1084 255 -779 -114 -136.00 223.78 -131.00 329 
-1188 15820 436 206 -1153 -114 -134.00 225.12 -132.00 329 
-672 17388 1044 96 -1783 -480 -139.00 223.78 -129.00 330 
-256 19568 1680 -255 -2871 -102 -144.00 224.45 -130.00 329 
-112 18892 944 -987 -3535 -466 -145.00 225.12 -129.00 330 
-544 18268 1432 -1687 -3952 -948 -149.00 227.80 -126.00 331 
-1204 18820 1100 -1299 -3961 353 -151.00 227.80 -123.00 331 
-132 19984 724 -905 -3666 2373 -156.00 229.14 -121.00 332 
1560 18952 -844 -1183 -3368 2187 -158.00 231.82 -118.00 333 
3560 19824 -3228 -1190 -1566 -680 -157.00 231.15 -117.00 333 
3144 17756 -1024 -753 -968 -643 -158.00 231.15 -115.00 333 
1996 14148 1320 -906 -2612 -1803 -162.00 231.82 -114.00 333 
1352 15000 692 -1023 -4961 -1818 -167.00 233.83 -112.00 334 
1572 14608 164 -243 -7046 -1335 -171.00 232.49 -110.00 334 
1896 15040 -3068 289 -5558 -1580 -175.00 233.83 -107.00 335 
2380 16012 -2140 1128 -3207 -1077 -179.00 235.17 -101.00 336 
2316 15804 -2432 1314 -1804 -704 -184.00 234.50 -98.00 337 
2000 15568 -1544 685 -1075 -677 -187.00 233.16 -96.00 337 
2084 15236 -1292 34 -966 -3 -192.00 232.49 -96.00 337 
1540 13200 -1308 -466 -171 -2 -194.00 234.50 -95.00 337 
1012 13108 -1180 -574 803 -147 -196.00 233.83 -96.00 337 
64 11304 584 -281 681 397 -200.00 235.84 -94.00 338 
-440 9780 740 -733 66 24 -202.00 234.50 -95.00 337 
236 9776 -720 -679 -472 -461 -205.00 235.84 -96.00 337 
564 12324 -960 -223 -444 373 -209.00 237.18 -96.00 337 
552 13268 -456 457 -129 1101 -210.00 238.52 -95.00 338 
748 14752 -392 116 529 1156 -214.00 237.85 -96.00 338 
536 15736 136 -786 916 935 -214.00 239.86 -96.00 338 
292 16080 80 -1674 499 743 -214.00 239.86 -95.00 338 
36 16268 632 -2332 -16 59 -215.00 240.53 -96.00 338 
-664 16844 40 -1826 -667 632 -218.00 243.21 -96.00 338 
-784 15992 -1012 -682 74 433 -220.00 243.88 -100.00 337 
-344 19036 -912 -986 1808 -850 -220.00 243.88 -99.00 337 
-344 21448 180 -1968 2290 -1372 -225.00 245.22 -100.00 337 
-724 20896 1568 -1957 1454 -997 -227.00 245.89 -104.00 337 
-1636 16360 2172 -824 570 -234 -232.00 244.55 -106.00 336 
-1624 17468 24 530 1451 -868 -234.00 245.22 -106.00 336 
1108 22992 1200 -41 2218 -167 -237.00 245.89 -107.00 336 
3220 23432 1952 -1015 2036 1308 -240.00 247.23 -109.00 336 
3028 18876 2380 -1595 2183 966 -241.00 247.23 -110.00 336 
2648 15540 2784 -1278 3205 -1402 -244.00 247.23 -111.00 335 
2312 16792 3936 -823 2744 -1929 -247.00 247.90 -114.00 335 
3160 17912 2816 -901 1867 560 -255.00 244.55 -117.00 334 
3564 16252 2276 -1615 1213 990 -256.00 245.22 -117.00 334 
3020 15680 480 -1315 1713 1166 -259.00 246.56 -122.00 333 
1960 15388 -408 88 3938 2106 -260.00 246.56 -122.00 333 
736 13584 1032 1254 5822 1976 -261.00 246.56 -124.00 333 
448 13304 828 1309 6293 499 -263.00 246.56 -126.00 332 
124 13608 732 1238 5991 -270 -266.00 246.56 -128.00 332 
-192 12532 720 1244 4820 -97 -269.00 244.55 -131.00 331 
-796 11628 540 856 3829 -81 -273.00 244.55 -137.00 330 
-1032 11200 388 704 2737 -491 -277.00 243.88 -138.00 330 
-964 11996 -12 611 2079 -672 -282.00 243.88 -140.00 330 
-1228 12176 -208 461 1448 -814 -283.00 243.21 -142.00 329 
-1544 12480 -500 457 1021 -1215 -287.00 243.21 -144.00 329 
-1952 13364 628 514 320 -918 -289.00 242.54 -143.00 329 
-2288 13460 756 543 -643 -622 -295.00 241.87 -141.00 329 
-2300 13568 -128 938 -1390 -854 -300.00 242.54 -144.00 329 
-2404 14848 -372 1086 -1473 -1337 -304.00 243.88 -143.00 329 
-1584 16420 -584 1617 -1546 -525 -309.00 245.89 -141.00 330 
-592 18508 -996 1371 -2210 -315 -314.00 246.56 -139.00 330 
-108 19980 -1552 1273 -2225 92 -317.00 247.90 -138.00 330 
-308 20040 -860 927 -1879 704 -324.00 248.57 -135.00 331 
-1352 18392 -252 601 -1786 719 -326.00 251.25 -133.00 332 
-1216 19200 1132 349 -3384 2069 -331.00 253.26 -130.00 332 
712 19864 -1172 42 -5714 2680 -334.00 255.94 -130.00 333 
1868 21080 -2684 721 -6396 1419 -336.00 259.29 -126.00 334 
1532 20900 -3316 754 -5293 51 -339.00 261.97 -121.00 335 
976 18676 -2384 1513 -4769 122 -344.00 263.31 -116.00 336 
916 17424 -2112 1584 -5032 -186 -347.00 263.98 -111.00 337 
1916 17912 -3956 616 -5179 142 -355.00 265.32 -108.00 337 
2692 18144 -2984 538 -4998 -7 -357.00 264.65 -102.00 338 
2492 17508 -2608 -412 -4424 -258 -366.00 266.66 -97.00 340 
2296 16956 -924 -1466 -4370 569 -369.00 265.99 -93.00 340 
1816 12784 -1140 -2154 -4378 1329 -374.00 264.65 -93.00 340 
1608 10936 -1136 -2784 -3944 516 -380.00 263.98 -91.00 340 
1048 10776 -652 -2515 -3482 694 -380.00 265.32 -88.00 341 
436 10636 -708 -2109 -2522 1028 -382.00 266.66 -90.00 341 
84 10092 8 -2120 -1711 741 -387.00 266.66 -87.00 341 
132 10292 -428 -2074 -1151 364 -387.00 267.33 -90.00 341 
232 11680 -520 -1748 -431 163 -391.00 268.00 -90.00 341 
-124 11936 -84 -1363 60 467 -396.00 267.33 -90.00 341 
-484 12552 -148 -1384 477 523 -398.00 268.67 -91.00 341 
-276 14220 -116 -1628 1056 664 -401.00 268.00 -95.00 340 
264 14308 -356 -1540 1311 980 -403.00 266.66 -94.00 340 
-68 14564 -268 -1139 1835 911 -407.00 268.00 -98.00 339 
-740 14716 -760 -33 2797 505 -412.00 269.34 -101.00 339 
56 16352 -1388 100 4395 139 -410.00 268.00 -103.00 338 
368 18360 -664 -162 5128 -329 -417.00 266.66 -107.00 338 
432 19740 -696 -164 5038 236 -419.00 265.32 -112.00 337 
-1524 21420 40 -886 5349 -187 -423.00 264.65 -116.00 336 
-456 23780 1952 -923 4895 1038 -428.00 260.63 -121.00 335 
3756 24768 648 -1071 3664 2950 -432.00 260.63 -124.00 334 
4312 23516 188 -1566 3438 1626 -432.00 258.62 -129.00 333 
3604 20156 164 -487 3182 810 -433.00 257.95 -135.00 332 
2732 16608 -116 -234 4433 -680 -434.00 255.27 -137.00 331 
2904 18308 1620 -425 4821 -622 -438.00 252.59 -140.00 331 
3348 18160 2004 -473 4106 -27 -441.00 249.24 -145.00 329 
3572 18772 1636 -532 2895 361 -442.00 245.22 -149.00 328 
2832 18456 1528 -345 1529 894 -446.00 241.20 -152.00 327 
1260 13848 2552 -346 -61 1502 -445.00 239.19 -151.00 327 
436 11340 836 -1163 -1661 -591 -447.00 238.52 -153.00 327 
-32 11424 -896 -1788 -1502 -1007 -450.00 237.18 -154.00 327 
-780 9780 -2032 -1578 73 -534 -451.00 233.83 -153.00 326 
-1120 9204 -2428 -569 1928 -168 -453.00 231.15 -155.00 326 
-1764 8512 -1672 -155 2556 -938 -450.00 229.81 -157.00 325 
-2320 9876 304 -24 1440 -1233 -456.00 226.46 -159.00 324 
-3208 10268 220 -2 -211 -1000 -460.00 225.12 -162.00 324 
-3464 10596 156 842 -2119 29 -463.00 219.09 -162.00 323 
-3300 11160 -1456 1904 -2896 -165 -463.00 216.41 -161.00 323 
-2848 13612 -1792 2728 -2907 -452 -466.00 216.41 -159.00 323 
-1860 16708 -2288 3289 -2946 -54 -469.00 215.74 -156.00 324 
-1996 16668 -1760 3007 -3148 40 -473.00 213.73 -154.00 324 
-200 18116 -1860 2965 -4073 639 -476.00 211.05 -149.00 324 
1156 19392 -2516 3140 -5061 622 -481.00 211.05 -144.00 325 
1012 20560 -1804 2056 -5025 191 -482.00 210.38 -140.00 326 
-348 19948 -2508 741 -4221 474 -485.00 210.38 -135.00 327 
1520 21144 -1580 -630 -3398 2303 -486.00 208.37 -135.00 327 
3068 21144 -1664 -1656 -4337 3502 -484.00 209.04 -135.00 327 
4240 20524 -1904 -1336 -4373 1053 -483.00 213.06 -135.00 327 
3672 21684 -1164 77 -4612 -441 -483.00 212.39 -132.00 328 
2368 19732 -272 543 -4961 298 -485.00 210.38 -130.00 328 
2448 17652 -1696 30 -5759 1111 -484.00 207.70 -128.00 328 
3636 16316 -2516 -867 -5775 639 -485.00 209.71 -127.00 328 
4404 17084 -3688 -1343 -4109 182 -486.00 210.38 -122.00 329 
3852 17496 -1980 -1608 -2347 1480 -485.00 208.37 -123.00 329 
2960 14108 -596 -2118 -2361 2343 -486.00 208.37 -123.00 329 
2872 12520 -792 -2215 -2764 1643 -482.00 211.05 -123.00 329 
3148 12856 -1708 -1749 -2514 1376 -481.00 209.71 -123.00 329 
2684 12940 -1316 -1573 -1377 569 -477.00 211.05 -122.00 329 
1840 12144 0 -1463 -653 536 -477.00 210.38 -124.00 329 
1216 11740 340 -1816 -368 135 -478.00 210.38 -124.00 329 
784 12064 804 -2323 -405 399 -475.00 207.70 -128.00 328 
492 12312 740 -2223 -462 1115 -474.00 207.03 -130.00 327 
808 13172 -124 -2046 422 472 -476.00 207.70 -132.00 327 
928 14304 -572 -1772 2086 364 -474.00 205.69 -136.00 326 
1168 14084 -396 -1432 3293 564 -473.00 205.69 -140.00 325 
1500 13220 -948 -907 4431 -222 -471.00 204.35 -143.00 325 
1292 13720 -460 -325 5708 -1304 -470.00 199.66 -147.00 323 
1492 16484 456 -36 6215 -1319 -468.00 196.98 -150.00 322 
1660 16788 892 -291 5709 -477 -474.00 191.62 -154.00 321 
1880 16800 16 -936 4845 -1205 -472.00 188.94 -158.00 320 
1096 17944 36 -807 4532 -219 -471.00 184.25 -161.00 318 
720 18552 1232 -1151 4534 600 -472.00 180.23 -165.00 317 
2708 21300 456 -1201 4265 2732 -470.00 177.55 -166.00 316 
3320 21600 -636 -1178 5029 2646 -468.00 176.21 -171.00 315 
4484 21828 -364 -987 5565 2484 -465.00 175.54 -175.00 315 
3484 18132 -232 -742 6388 1514 -465.00 175.54 -180.00 314 
2564 16284 164 -1228 6771 -133 -459.00 173.53 -180.00 313 
3136 17100 576 -1034 6048 1034 -463.00 170.85 -185.00 312 
3276 17084 220 -1624 5982 1357 -459.00 166.16 -189.00 311 
3108 16048 1172 -2159 5558 661 -456.00 166.16 -191.00 311 
2776 16276 976 -1983 5226 30 -453.00 162.14 -195.00 309 
2476 16612 2088 -503 4362 1407 -449.00 158.79 -198.00 308 
2000 13880 1276 201 3274 1754 -451.00 157.45 -202.00 307 
2064 13828 452 572 3041 -245 -449.00 160.13 -203.00 308 
2112 15256 -364 1005 3239 -480 -449.00 156.78 -200.00 308 
1676 13884 684 1420 3182 -379 -448.00 154.77 -201.00 307 
1480 13920 996 1356 1741 -556 -449.00 154.10 -198.00 307 
1732 14780 792 1012 -219 -142 -450.00 148.74 -199.00 306 
1776 15252 776 401 -1462 423 -451.00 149.41 -196.00 307 
1456 14400 1116 -330 -3038 268 -448.00 150.75 -197.00 307 
1528 15032 472 -817 -3788 -529 -450.00 151.42 -196.00 307 
1716 16176 76 -1012 -3802 -558 -448.00 150.75 -195.00 307 
1956 15660 -240 -1149 -3718 -597 -447.00 150.75 -193.00 307 
2076 15812 492 -1068 -3454 -948 -447.00 153.43 -191.00 308 
1840 15944 1244 -640 -3796 -520 -443.00 152.09 -191.00 308 
1804 14812 1408 -410 -4220 -535 -449.00 152.09 -190.00 308 
1860 16220 480 -247 -4577 -611 -445.00 154.77 -189.00 309 
2020 17048 372 25 -4644 535 -445.00 154.10 -187.00 309 
2428 16268 -800 258 -3999 1050 -444.00 157.45 -186.00 310 
2060 15424 -380 101 -3128 211 -445.00 160.13 -182.00 311 
1824 15348 12 405 -2774 267 -443.00 161.47 -179.00 312 
1656 14552 364 287 -2661 229 -444.00 162.81 -178.00 312 
1564 14940 -220 46 -2501 81 -443.00 162.14 -177.00 312 
1476 15700 -380 -624 -2120 -32 -443.00 164.82 -173.00 313 
1216 16400 -28 -1207 -1592 37 -441.00 163.48 -176.00 312 
1216 16304 172 -1253 -1234 864 -441.00 164.15 -174.00 313 
1312 15028 -176 -972 -818 766 -442.00 164.82 -174.00 313 
1192 15064 52 -551 -530 448 -440.00 166.16 -174.00 313 
1312 16000 68 53 -665 698 -438.00 166.16 -175.00 313 
1504 15812 -440 753 -843 1157 -439.00 166.16 -173.00 313 
992 15528 -668 964 -473 853 -436.00 167.50 -174.00 313 
900 15592 -456 852 -152 758 -435.00 166.83 -173.00 313 
860 15080 -824 981 21 604 -437.00 168.17 -171.00 314 
872 16536 -460 1061 48 578 -437.00 168.84 -170.00 314 
804 16616 -576 1349 104 1747 -438.00 166.83 -168.00 314 
884 15712 -876 944 283 1332 -437.00 170.18 -166.00 315 
1100 16608 -852 666 245 1018 -437.00 168.84 -166.00 315 
1124 16240 -1108 302 416 944 -437.00 169.51 -167.00 315 
792 16468 -268 -24 219 912 -437.00 171.52 -165.00 316 
500 16064 -584 -189 -213 1093 -437.00 170.85 -166.00 315 
728 15528 -696 -355 -227 443 -436.00 171.52 -166.00 315 
812 15688 -688 -174 -244 379 -439.00 171.52 -166.00 315 
876 16400 -1160 -54 -346 461 -436.00 172.86 -163.00 316 
600 15900 -1192 83 -284 723 -436.00 170.18 -164.00 316 
476 15516 -1416 275 -115 749 -435.00 172.19 -164.00 316 
524 15372 -1432 266 15 699 -437.00 172.86 -163.00 316 
508 15604 -1316 318 27 396 -436.00 173.53 -164.00 316 
708 16324 -1260 206 251 382 -437.00 172.19 -162.00 316 
664 16268 -1016 6 245 383 -437.00 171.52 -162.00 316 
792 16416 -1232 -341 309 449 -438.00 172.86 -157.00 317 
556 16136 -784 -497 234 839 -436.00 173.53 -161.00 317 
656 15056 -760 -472 31 745 -438.00 172.19 -160.00 317 
448 15756 -948 -579 74 375 -437.00 172.86 -162.00 316 
728 16452 -952 -598 160 574 -438.00 172.86 -161.00 317 
900 15932 -1252 -492 365 614 -436.00 172.86 -161.00 317 
768 16140 -1264 -512 681 571 -437.00 172.86 -162.00 316 
756 15824 -724 -494 627 689 -437.00 172.86 -162.00 316 
780 15716 -576 -608 366 467 -436.00 172.19 -163.00 316 
968 16240 -684 -696 189 447 -436.00 174.20 -164.00 316 
896 15876 -704 -580 -102 601 -437.00 172.86 -163.00 316 
952 16244 -900 -691 124 449 -437.00 172.86 -162.00 316 
684 15964 -400 -631 -71 537 -435.00 172.19 -163.00 316 
644 15456 -764 -504 -191 398 -435.00 173.53 -164.00 316 
628 15880 -588 -413 -35 411 -435.00 172.86 -164.00 316 
552 16128 -436 -606 -132 426 -437.00 173.53 -163.00 316 
680 15880 -572 -849 -341 452 -436.00 172.86 -164.00 316 
740 15896 -796 -728 -351 671 -434.00 173.53 -166.00 316 
672 15916 -864 -808 -216 258 -436.00 174.20 -163.00 316 
724 16120 -892 -688 -53 367 -434.00 172.19 -164.00 316 
768 16012 -824 -734 -182 456 -433.00 172.86 -164.00 316 
608 15512 -492 -932 -133 458 -436.00 173.53 -165.00 316 
608 15980 -620 -882 -199 221 -434.00 174.87 -164.00 316 
724 16044 -804 -551 -111 502 -435.00 174.20 -162.00 317 
768 15784 -636 -504 62 206 -436.00 174.20 -166.00 316 
924 16240 -516 -523 33 160 -434.00 174.20 -165.00 316 
796 16068 -516 -557 38 231 -437.00 172.19 -165.00 316 
456 15892 20 -575 -67 345 -434.00 174.20 -165.00 316 
644 15668 -364 -467 -358 476 -436.00 175.54 -166.00 316 
860 15572 -868 -370 -427 391 -434.00 174.20 -166.00 316 
760 15912 -1196 -476 -103 232 -434.00 173.53 -164.00 316 
756 15880 -460 -522 39 274 -435.00 173.53 -166.00 316 
596 15776 -360 -515 -145 456 -434.00 174.20 -165.00 316 
744 15468 -632 -471 -97 534 -437.00 172.86 -165.00 316 
688 15828 -516 -544 -58 394 -433.00 173.53 -164.00 316 
748 16044 -516 -364 -89 722 -435.00 174.87 -166.00 316 
636 15724 -808 -468 -8 430 -434.00 176.21 -164.00 317 
688 15804 -652 -427 119 137 -433.00 172.86 -164.00 316 
888 16528 -616 -340 127 391 -436.00 174.20 -167.00 316 
612 15708 -748 -193 40 727 -434.00 174.20 -166.00 316 
564 15712 -592 -384 139 88 -436.00 174.20 -164.00 316 
992 16340 -1016 -526 106 432 -437.00 172.86 -168.00 315 
656 15404 -540 -525 19 533 -435.00 174.20 -164.00 316 
732 15600 -864 -258 -261 142 -435.00 174.20 -166.00 316 
692 16032 -504 -254 13 406 -435.00 173.53 -165.00 316 
580 15344 -308 -279 -67 486 -437.00 174.20 -166.00 316 
648 16128 -540 -695 38 337 -435.00 172.19 -165.00 316 
696 15984 -872 -617 -315 508 -434.00 173.53 -166.00 316 
676 16152 -728 -627 -218 621 -435.00 173.53 -166.00 316 
716 15988 -796 -637 -103 438 -436.00 174.20 -167.00 316 
616 16012 -592 -586 -105 403 -437.00 173.53 -166.00 316 
816 15948 -692 -725 -7 191 -434.00 174.87 -165.00 316 
864 15924 -676 -561 -113 465 -434.00 174.87 -166.00 316 
692 15264 -776 -510 -96 289 -433.00 176.21 -166.00 316 
700 16000 -460 -434 -102 203 -435.00 174.87 -163.00 317 
804 15660 -768 -381 -171 287 -435.00 173.53 -165.00 316 
668 16056 -808 -417 -184 90 -433.00 173.53 -166.00 316 
748 16224 -612 -484 -181 442 -434.00 172.86 -168.00 315 
768 15808 -648 -711 -200 339 -434.00 173.53 -164.00 316 
584 15948 -628 -512 43 358 -434.00 173.53 -167.00 316 
532 15436 -672 -539 40 150 -436.00 174.20 -167.00 316 
572 15952 -696 -696 65 74 -434.00 173.53 -168.00 315 
516 15696 -380 -760 -10 404 -434.00 172.19 -167.00 315 
672 15672 -620 -832 -132 289 -435.00 172.19 -165.00 316 
664 15880 -368 -594 -220 444 -436.00 173.53 -167.00 316 
704 15628 -588 -560 -79 357 -435.00 173.53 -166.00 316 
640 16168 -344 -448 -60 455 -435.00 173.53 -168.00 315 
660 15508 -320 -298 23 478 -436.00 173.53 -167.00 316 
708 15848 -596 -461 -40 355 -436.00 173.53 -169.00 315 
928 15748 -624 -566 -170 244 -435.00 173.53 -167.00 316 
992 16208 -776 -729 -41 479 -435.00 172.86 -167.00 315 
680 15796 -404 -527 -98 845 -434.00 174.87 -168.00 316 
752 14788 -324 -562 33 -164 -434.00 174.87 -167.00 316 
796 16180 -536 -628 122 -427 -435.00 172.86 -168.00 315 
656 16200 -460 -430 -78 125 -436.00 174.20 -168.00 316 
712 16200 -408 -37 -356 522 -435.00 172.86 -168.00 315 
376 15576 -232 -90 -261 553 -436.00 170.85 -168.00 315 
524 16176 -660 -397 -105 174 -436.00 174.20 -168.00 316 
692 15892 -504 -347 -164 464 -437.00 173.53 -167.00 316 
512 15908 -436 -533 24 260 -438.00 172.86 -165.00 316 
616 15968 -284 -696 -116 190 -438.00 171.52 -168.00 315 
512 15868 -460 -626 -194 361 -437.00 172.19 -168.00 315 
592 15672 -180 -527 -238 173 -436.00 172.19 -169.00 315 
732 16080 -420 -512 -215 366 -437.00 170.85 -167.00 315 
676 15676 -640 -522 -299 241 -437.00 172.86 -167.00 315 
660 15924 -360 -566 -161 -11 -434.00 170.85 -166.00 315 
560 16260 -268 -328 -217 403 -437.00 171.52 -168.00 315 
468 15340 -360 -243 -666 308 -437.00 172.19 -167.00 315 
412 16200 -748 -271 -60 157 -435.00 171.52 -165.00 316 
440 15916 -300 -210 3 528 -436.00 172.86 -168.00 315 
588 15396 -376 -378 -176 289 -440.00 170.85 -169.00 315 
288 16472 -644 -787 -32 -83 -437.00 171.52 -167.00 315 
544 16212 -712 -806 -399 867 -438.00 170.85 -169.00 315 
648 15844 -1008 -1176 191 624 -436.00 172.86 -169.00 315 
704 15868 -8 -955 57 705 -435.00 172.19 -166.00 316 
592 15248 -100 -516 69 437 -435.00 171.52 -168.00 315 
648 15820 -48 -565 -240 -34 -436.00 172.19 -168.00 315 
560 16340 -48 -615 -434 319 -437.00 171.52 -170.00 315 
532 15740 -1076 -633 -165 513 -440.00 170.85 -171.00 314 
588 15844 -180 -927 -120 498 -435.00 172.19 -168.00 315 
644 15832 -432 -865 -86 540 -436.00 172.19 -168.00 315 
620 15896 -576 -760 40 438 -436.00 173.53 -167.00 316 
436 15744 -92 -718 304 555 -437.00 170.85 -172.00 314 
416 15688 500 -871 387 -150 -435.00 171.52 -168.00 315 
648 17040 4 -762 -404 637 -437.00 173.53 -169.00 315 
656 15624 -652 -435 -383 962 -437.00 170.85 -169.00 315 
488 15584 -912 -272 683 419 -434.00 173.53 -170.00 315 
536 15708 288 -213 180 441 -435.00 172.86 -168.00 315 
504 15824 -244 -203 -22 684 -436.00 172.19 -172.00 315 
672 15692 -316 -203 -352 722 -433.00 172.19 -169.00 315 
728 15580 -404 -550 -453 391 -437.00 172.19 -171.00 315 
756 16184 -932 -635 -395 178 -435.00 174.20 -171.00 315 
712 16664 -800 -228 258 796 -436.00 173.53 -169.00 315 
572 15536 -560 -158 400 656 -434.00 173.53 -171.00 315 
496 15652 316 -542 480 11 -438.00 172.86 -169.00 315 
448 16304 288 -327 -98 511 -435.00 171.52 -170.00 315 
936 15452 -1560 60 -334 642 -436.00 173.53 -171.00 315 
624 15592 -680 -72 218 189 -436.00 174.87 -169.00 315 
576 15856 -392 -87 524 -41 -436.00 172.19 -169.00 315 
596 16508 320 -585 177 424 -439.00 172.86 -172.00 315 
624 15632 -620 -451 53 795 -436.00 172.86 -169.00 315 
632 15744 -508 -792 195 89 -439.00 172.19 -168.00 315 
556 16160 -176 -923 -59 -6 -437.00 172.86 -170.00 315 
564 16272 -528 -640 118 524 -437.00 171.52 -169.00 315 
396 15400 -24 -359 -8 709 -436.00 172.19 -173.00 314 
740 15604 -400 -566 -169 311 -438.00 172.86 -170.00 315 
612 16200 36 -666 31 516 -438.00 171.52 -170.00 315 
540 15664 -16 -729 -367 714 -437.00 174.87 -169.00 315 
656 15948 -708 -1071 -403 430 -436.00 173.53 -171.00 315 
624 15904 -456 -786 -696 865 -436.00 172.86 -170.00 315 
564 15236 -888 -474 178 380 -435.00 172.86 -172.00 315 
428 16476 640 -417 -56 433 -433.00 174.20 -172.00 315 
860 16148 -804 -337 -250 1208 -433.00 173.53 -171.00 315 
500 15432 -176 -488 154 539 -435.00 176.21 -172.00 315 
