1320 15524 372 -272 -23 1329 -90.00 229.81 -116.00 333 
1268 15432 576 -352 95 625 -90.00 229.14 -116.00 333 
1272 15812 796 -170 85 271 -93.00 230.48 -118.00 332 
1404 16032 540 -275 -68 134 -91.00 229.14 -118.00 332 
1244 16384 780 -205 -105 209 -92.00 230.48 -118.00 332 
1076 16276 692 -234 -217 660 -91.00 229.81 -116.00 333 
1096 15840 724 -223 -197 793 -93.00 229.81 -118.00 332 
1288 15272 592 -239 -89 326 -92.00 230.48 -117.00 333 
1372 15360 380 -344 94 -119 -91.00 230.48 -117.00 333 
1096 15652 732 -509 164 -565 -94.00 228.47 -117.00 332 
1036 15888 860 -638 -117 -734 -91.00 229.14 -119.00 332 
972 16720 776 -487 -182 249 -94.00 229.81 -118.00 332 
1284 15700 332 -403 -209 735 -94.00 229.14 -117.00 332 
1024 15124 532 -517 -116 177 -94.00 229.81 -118.00 332 
1124 15812 560 -551 -7 -109 -94.00 230.48 -117.00 333 
1004 16344 524 -270 146 270 -95.00 229.81 -117.00 333 
940 15764 544 -161 68 608 -96.00 229.81 -116.00 333 
832 15200 936 -175 -127 586 -95.00 229.81 -116.00 333 
748 16040 880 -350 -132 583 -97.00 229.14 -118.00 332 
744 16172 1020 -2 -215 1281 -94.00 228.47 -118.00 332 
1052 15040 596 -22 -59 866 -95.00 230.48 -119.00 332 
1092 15568 312 -299 184 -104 -94.00 229.14 -118.00 332 
776 17372 1240 -249 109 815 -93.00 229.81 -116.00 333 
892 15496 968 67 -167 1825 -96.00 229.81 -117.00 333 
968 14880 776 44 265 975 -94.00 229.81 -120.00 332 
960 15908 584 -179 601 -170 -96.00 229.81 -115.00 333 
868 16984 1208 15 660 826 -93.00 229.81 -120.00 332 
836 15532 872 241 377 1489 -95.00 229.81 -119.00 332 
844 15652 364 227 501 734 -95.00 229.14 -118.00 332 
752 16824 1152 -59 555 1097 -96.00 229.81 -118.00 332 
1084 16336 676 -63 367 1577 -95.00 230.48 -118.00 332 
1308 15100 244 -332 356 1030 -96.00 229.14 -120.00 332 
1020 14624 1136 -763 240 -417 -93.00 230.48 -119.00 332 
644 16428 1200 -678 132 -662 -94.00 229.14 -121.00 332 
692 16592 1688 119 -366 1454 -96.00 228.47 -119.00 332 
1032 14872 780 343 -602 1594 -97.00 230.48 -120.00 332 
1160 14864 780 52 -514 256 -95.00 230.48 -119.00 332 
1300 15824 932 -286 -579 -566 -95.00 229.14 -119.00 332 
1280 17520 760 -207 -716 22 -96.00 229.81 -118.00 332 
1176 17256 936 78 -922 1918 -98.00 229.81 -118.00 332 
1300 15536 232 117 -951 2147 -100.00 229.81 -117.00 333 
1132 15144 556 -90 -899 1249 -98.00 229.81 -116.00 333 
1520 15644 404 -263 -1011 639 -98.00 231.15 -116.00 333 
1304 16056 632 -812 -1073 375 -96.00 231.15 -115.00 333 
1464 16336 8 -1216 -1046 193 -97.00 231.15 -116.00 333 
1272 15800 524 -1294 -1192 386 -97.00 231.82 -113.00 334 
1160 14808 316 -1337 -1426 222 -98.00 231.15 -112.00 334 
1284 15284 -24 -928 -1431 -91 -99.00 231.82 -113.00 334 
1292 16380 -136 -901 -1228 41 -101.00 231.82 -114.00 333 
1200 16460 -348 -943 -1107 187 -100.00 232.49 -112.00 334 
1260 16268 -176 -748 -1115 844 -101.00 232.49 -112.00 334 
1556 15644 -500 -593 -1025 766 -101.00 233.16 -110.00 334 
1448 15740 -640 -668 -945 13 -104.00 233.83 -110.00 334 
1360 16628 -184 -907 -964 405 -102.00 232.49 -110.00 334 
1312 16228 -844 -707 -909 1141 -104.00 231.82 -108.00 335 
1072 15524 -636 -510 -628 950 -103.00 233.16 -110.00 334 
1068 15948 -492 -437 -506 690 -103.00 231.82 -110.00 334 
1396 16272 -1036 -203 -300 762 -106.00 234.50 -109.00 335 
1028 16180 -380 -545 54 804 -105.00 233.16 -107.00 335 
824 15432 28 -919 -295 591 -105.00 234.50 -109.00 335 
700 15772 100 -814 -368 889 -106.00 233.16 -107.00 335 
652 15564 -540 -516 -388 1037 -109.00 233.83 -110.00 334 
636 14916 -740 -671 43 499 -107.00 233.83 -109.00 335 
80 15388 -416 -710 468 500 -108.00 233.83 -106.00 335 
-60 15584 156 -173 274 1564 -107.00 233.83 -108.00 335 
72 15156 144 70 81 1866 -108.00 233.83 -108.00 335 
-12 14848 232 141 102 1308 -110.00 235.17 -109.00 335 
140 15336 332 -304 -67 274 -108.00 233.83 -109.00 335 
92 17076 164 -502 -46 361 -110.00 233.83 -110.00 334 
428 16524 -192 -437 -212 1270 -111.00 233.83 -107.00 335 
120 15300 -588 -431 192 1515 -111.00 235.17 -110.00 334 
-72 14904 -616 -197 724 964 -115.00 235.17 -109.00 335 
144 16164 -148 -173 1088 890 -115.00 233.83 -109.00 335 
252 16040 -116 -489 807 1048 -117.00 233.16 -112.00 334 
216 15760 -160 -1121 431 1027 -117.00 233.83 -113.00 334 
20 15436 -680 -1477 157 805 -116.00 234.50 -113.00 334 
244 16032 336 -1375 208 755 -120.00 233.83 -113.00 334 
496 16448 44 -1343 318 320 -120.00 233.83 -114.00 334 
760 16780 -492 -1141 625 -674 -121.00 232.49 -113.00 334 
280 16932 424 -845 770 -591 -123.00 233.83 -116.00 333 
-228 15936 324 -440 745 -42 -124.00 233.16 -114.00 333 
-516 15612 88 94 777 -14 -130.00 232.49 -117.00 333 
388 17328 140 687 919 877 -131.00 233.83 -117.00 333 
1520 18208 4 1187 1118 1541 -132.00 233.16 -119.00 332 
1988 19732 -452 891 2059 1845 -133.00 232.49 -118.00 333 
2032 18328 888 530 2389 2575 -137.00 231.82 -118.00 333 
1956 16800 1316 -288 2210 2132 -139.00 230.48 -120.00 332 
2728 16744 1884 -637 633 1289 -138.00 231.15 -122.00 332 
3980 17536 84 -68 365 1376 -138.00 230.48 -122.00 332 
4212 16408 -64 -293 1164 -893 -139.00 231.15 -122.00 332 
3424 17084 1472 -1329 1599 -2997 -142.00 230.48 -124.00 331 
2820 15556 2820 -1835 780 -2533 -146.00 229.14 -124.00 331 
2920 14116 2040 -1721 -169 -1762 -150.00 226.46 -126.00 330 
2756 14680 1580 -1150 -20 -715 -155.00 227.13 -123.00 331 
3088 15940 328 -1025 1119 199 -155.00 225.79 -126.00 330 
3360 14592 -152 -916 2777 178 -156.00 225.79 -124.00 331 
3008 14744 1088 -881 3574 -143 -158.00 225.12 -125.00 330 
2964 14632 1992 -557 2885 543 -160.00 225.12 -127.00 330 
2708 14068 1576 87 2240 676 -159.00 223.78 -131.00 329 
2252 13772 1752 914 2033 426 -164.00 226.46 -129.00 330 
1828 14092 1508 1171 1751 156 -163.00 223.78 -133.00 329 
1532 14440 1548 1369 1454 620 -166.00 223.78 -133.00 329 
1408 14404 1316 1217 1311 1167 -167.00 223.11 -134.00 329 
1088 14260 1600 775 1513 1055 -168.00 223.11 -133.00 329 
1008 14288 1560 526 1543 487 -169.00 223.78 -133.00 329 
784 15548 1492 513 1631 708 -172.00 223.78 -136.00 328 
568 14704 1080 849 1304 1811 -173.00 223.11 -135.00 328 
272 13888 1444 838 1047 1374 -175.00 225.79 -137.00 328 
508 14592 1484 908 679 258 -175.00 223.78 -138.00 328 
336 15812 1340 457 189 -658 -176.00 225.12 -137.00 328 
120 17644 768 29 90 -233 -179.00 225.79 -137.00 328 
-352 15572 816 -170 -248 264 -181.00 226.46 -138.00 328 
-696 14676 908 -570 -622 -371 -182.00 225.12 -136.00 328 
-452 16056 492 -695 -786 -826 -183.00 227.80 -138.00 328 
-20 17484 148 108 -883 -157 -189.00 226.46 -137.00 328 
344 17416 -56 295 -681 384 -190.00 229.14 -137.00 329 
656 16892 44 -189 12 -187 -190.00 227.80 -133.00 329 
560 17700 776 -1 -233 -256 -193.00 229.81 -136.00 329 
548 17152 -116 -189 -724 -495 -195.00 229.81 -134.00 329 
696 17672 348 -457 -1134 -50 -197.00 231.15 -135.00 329 
1572 18964 284 462 -2216 1558 -201.00 231.15 -135.00 329 
2028 19108 -676 1216 -2921 2236 -201.00 233.16 -131.00 330 
3272 19324 -1656 705 -2537 1579 -202.00 233.16 -129.00 331 
3584 18804 -1416 -622 -2303 292 -203.00 235.84 -127.00 331 
2712 17936 -588 -1767 -2508 -96 -207.00 237.18 -127.00 331 
1796 14360 152 -2057 -3132 171 -210.00 237.18 -126.00 332 
1432 12528 -668 -1496 -3681 177 -211.00 238.52 -126.00 332 
1568 12256 -1640 117 -3388 182 -211.00 241.20 -123.00 332 
2244 13836 -2064 956 -3027 -666 -212.00 241.20 -122.00 333 
2476 15696 -1516 544 -2716 -919 -217.00 243.21 -118.00 334 
2716 16080 -844 -283 -3097 -585 -221.00 243.88 -117.00 334 
3000 15836 -1084 -1279 -3305 -569 -224.00 243.21 -113.00 335 
2584 14452 -924 -1827 -3118 -1706 -225.00 245.89 -111.00 335 
2064 13268 -700 -2159 -2876 -3657 -229.00 245.22 -112.00 335 
1504 14228 -1332 -2329 -2245 -4393 -233.00 244.55 -110.00 335 
584 12232 -3648 -3400 610 -4487 -239.00 245.22 -107.00 336 
-156 14044 -632 -923 -903 -1212 -245.00 241.87 -110.00 335 
736 13820 -1328 -268 -823 835 -248.00 242.54 -111.00 335 
-272 14324 -236 440 -755 1610 -250.00 243.88 -109.00 335 
-200 19140 436 -180 -1147 2818 -252.00 244.55 -107.00 336 
-364 14968 324 -315 -1916 4466 -252.00 247.23 -109.00 336 
-92 13436 -1544 -1645 -1401 2283 -250.00 249.91 -108.00 336 
36 14216 -1080 -2350 -392 244 -251.00 251.25 -107.00 336 
-908 14404 -204 -2074 -118 -225 -251.00 252.59 -108.00 336 
-576 16096 -592 -1733 670 -493 -252.00 255.27 -108.00 337 
-248 17788 -468 -1787 1759 -367 -255.00 254.60 -110.00 336 
252 17536 1004 -2397 2009 -197 -258.00 255.94 -113.00 336 
972 16000 2284 -1695 289 574 -259.00 255.94 -113.00 336 
404 15248 1284 -342 -378 384 -260.00 256.61 -115.00 335 
408 15624 76 1690 -4 -1008 -262.00 257.95 -116.00 335 
1692 18980 -224 1922 1064 -1139 -266.00 259.96 -116.00 335 
2224 21624 -660 673 1653 -141 -270.00 259.96 -114.00 336 
1672 22280 -852 -639 2311 -345 -274.00 259.29 -113.00 336 
2284 26828 472 -189 3210 4332 -276.00 259.96 -116.00 335 
2412 19816 288 -947 3761 6169 -278.00 259.29 -118.00 335 
2124 14980 1592 -1525 3710 3449 -276.00 263.31 -121.00 335 
1908 12664 3484 -2273 2682 300 -274.00 264.65 -125.00 334 
2176 15028 1268 -2461 1261 -1427 -276.00 265.99 -129.00 334 
3740 16484 -196 -2988 1633 -1244 -282.00 264.65 -130.00 333 
3376 17476 388 -3179 1792 -610 -281.00 263.98 -134.00 333 
3212 15820 496 -2967 1907 729 -284.00 265.32 -134.00 333 
2504 12256 520 -3210 2645 -46 -288.00 263.31 -139.00 332 
1760 12764 876 -3035 3043 -504 -289.00 264.65 -142.00 331 
1200 12532 1848 -1902 2279 678 -293.00 261.30 -146.00 330 
1328 12896 1224 -796 1073 899 -295.00 261.97 -147.00 330 
684 12828 632 90 974 1375 -296.00 262.64 -149.00 330 
-72 10336 968 1567 899 1026 -299.00 262.64 -151.00 330 
-36 10536 936 2119 1242 -1121 -301.00 263.31 -151.00 330 
-88 13332 1092 2166 957 -1969 -304.00 265.32 -152.00 330 
-440 13924 1920 1801 106 -1617 -310.00 264.65 -151.00 330 
-476 14712 728 1625 -160 -1941 -315.00 263.98 -150.00 330 
-404 20340 1752 1673 936 1214 -321.00 261.30 -151.00 329 
-176 17464 1284 1838 210 4982 -326.00 261.97 -151.00 330 
-284 13500 972 466 263 3494 -323.00 265.99 -148.00 330 
-536 13860 1884 -1304 -288 -337 -325.00 266.66 -149.00 330 
-752 15916 1900 -1647 -756 -901 -328.00 270.68 -151.00 330 
-1024 16588 1796 -174 -1250 690 -330.00 270.68 -150.00 331 
-884 15288 1036 781 -1689 1103 -335.00 270.01 -149.00 331 
-120 14552 1232 743 -1982 -1221 -337.00 272.69 -147.00 331 
680 18364 1400 502 -2872 -1675 -341.00 273.36 -146.00 331 
316 18604 88 659 -3720 40 -347.00 272.69 -145.00 332 
-472 16824 116 1151 -4067 1318 -354.00 272.69 -142.00 332 
1368 15932 -816 2170 -4528 1403 -357.00 275.37 -140.00 333 
2932 19400 -1252 4060 -4564 1364 -358.00 277.38 -134.00 334 
4524 22672 -2568 3345 -4150 1245 -363.00 278.05 -129.00 335 
4068 23316 -1876 1 -3696 340 -365.00 282.07 -124.00 336 
3044 20648 -816 -2189 -3795 1703 -369.00 281.40 -119.00 337 
2728 16628 -648 -2945 -4569 3215 -373.00 283.41 -117.00 337 
3084 14076 -2644 -2379 -3731 2101 -374.00 284.08 -117.00 337 
3072 15532 -1708 -1749 -2624 838 -376.00 285.42 -118.00 337 
2700 15048 -684 -2162 -2228 1170 -375.00 286.76 -116.00 337 
2708 13880 228 -2893 -1397 1994 -378.00 287.43 -117.00 337 
2256 12308 952 -3083 -2122 2250 -379.00 286.09 -116.00 337 
2380 11380 48 -2440 -2248 1597 -379.00 289.44 -116.00 338 
3040 12092 -900 -1306 -1729 -144 -380.00 290.78 -120.00 337 
2348 13028 -900 -572 -693 -1130 -384.00 290.11 -119.00 337 
1844 13512 -760 -199 470 -1543 -387.00 288.10 -119.00 337 
1044 13488 264 -719 748 -1735 -392.00 286.76 -119.00 337 
904 15204 204 -837 571 -538 -395.00 284.75 -121.00 336 
812 14504 -228 -602 484 1 -398.00 282.74 -123.00 336 
852 14324 284 -1114 310 -1395 -402.00 283.41 -122.00 336 
660 15888 76 -1188 414 -1300 -404.00 280.06 -126.00 335 
184 14448 544 -753 63 -1230 -410.00 280.73 -126.00 335 
-248 13280 -252 76 167 -2422 -414.00 277.38 -128.00 335 
-416 14232 204 624 681 -3509 -419.00 274.70 -130.00 334 
124 15744 384 1159 691 -3763 -424.00 271.35 -130.00 334 
864 17572 44 1349 892 -3518 -432.00 266.66 -130.00 334 
988 18516 -168 922 767 -2983 -436.00 263.31 -130.00 333 
-148 17988 -180 784 742 -1970 -447.00 260.63 -131.00 333 
-564 17672 -468 1095 1564 -1437 -450.00 257.28 -130.00 333 
440 20152 1460 2220 1547 2454 -454.00 252.59 -131.00 332 
1648 22608 612 2373 1308 5472 -458.00 251.92 -131.00 332 
3192 23524 -864 248 1875 5087 -457.00 255.27 -132.00 332 
3640 22132 -1724 -1214 3191 3027 -455.00 257.28 -131.00 333 
3636 18424 -924 -780 4819 1946 -454.00 256.61 -135.00 332 
2476 14904 1232 -476 5177 -44 -454.00 255.94 -139.00 331 
1968 14832 2808 -810 3440 -756 -456.00 252.59 -142.00 330 
2604 15312 1520 -772 797 209 -457.00 250.58 -149.00 329 
2880 15260 780 -1329 135 710 -458.00 247.90 -150.00 328 
1976 14688 1144 -1630 -26 1172 -461.00 246.56 -152.00 328 
1908 12676 -60 -1553 330 700 -458.00 246.56 -151.00 328 
1896 11664 -612 -1212 1824 -665 -459.00 243.21 -154.00 327 
1384 14124 -24 -1030 2862 -482 -461.00 243.21 -156.00 327 
1168 14552 1512 -336 1917 2034 -461.00 238.52 -161.00 325 
1052 12604 584 389 813 2164 -463.00 237.85 -159.00 326 
1176 12064 -364 873 1243 -201 -462.00 237.85 -160.00 326 
992 14824 940 1761 1270 -1229 -461.00 236.51 -163.00 325 
40 16600 1012 1919 432 803 -466.00 232.49 -162.00 325 
-104 14540 -40 611 -66 1184 -468.00 231.82 -162.00 325 
156 13976 -380 -229 253 332 -467.00 229.14 -161.00 324 
-128 14252 72 -508 404 -297 -471.00 229.14 -158.00 325 
-484 15008 1076 -635 294 -67 -472.00 227.80 -163.00 324 
-492 16076 1120 -906 -69 138 -474.00 226.46 -161.00 324 
-400 15372 1588 -1401 -684 218 -474.00 223.78 -166.00 323 
-652 14976 904 -1722 -1433 -551 -474.00 223.78 -167.00 323 
-340 15132 520 -1558 -1836 -856 -475.00 222.44 -168.00 322 
-100 15176 132 -452 -1837 -1402 -473.00 220.43 -169.00 322 
-48 15708 1004 1449 -1999 -1557 -476.00 217.08 -168.00 322 
396 18136 -220 2225 -1823 -1695 -477.00 214.40 -166.00 322 
304 18024 -216 2035 -1335 -1466 -482.00 211.05 -167.00 321 
-48 18776 804 1925 -2057 -520 -482.00 207.03 -164.00 321 
1380 20432 416 1961 -3514 2735 -486.00 205.69 -161.00 321 
1896 19996 -1624 748 -4517 3389 -485.00 204.35 -157.00 322 
2548 19876 -2048 -96 -4444 1903 -485.00 207.70 -154.00 323 
3508 19452 -3408 299 -3459 611 -484.00 210.38 -152.00 324 
3136 18332 -3288 473 -1844 538 -481.00 209.71 -149.00 324 
1832 15148 -1444 709 -1402 884 -482.00 208.37 -147.00 324 
1480 13204 -1516 761 -1863 308 -478.00 209.04 -148.00 324 
1668 13420 -1956 1124 -1924 -181 -481.00 207.03 -145.00 324 
1924 14428 -2032 1251 -1912 -997 -481.00 205.69 -146.00 324 
1720 16012 -1844 764 -1437 -391 -482.00 204.35 -140.00 325 
2112 15292 -804 -266 -1753 918 -483.00 201.00 -141.00 324 
2572 13832 -1276 -1276 -2459 1294 -481.00 202.34 -139.00 325 
2320 12936 -892 -1409 -2120 167 -482.00 203.01 -138.00 325 
1992 14632 -344 -574 -1750 -858 -479.00 201.67 -138.00 325 
1732 15752 -348 125 -1715 439 -480.00 200.33 -137.00 325 
2156 14536 -964 203 -1220 1644 -478.00 199.66 -136.00 325 
2248 14924 -1848 -428 -188 1585 -478.00 198.99 -138.00 325 
2028 14988 -1744 -1384 558 69 -476.00 198.32 -137.00 325 
1864 15656 -1344 -1845 1218 -964 -475.00 198.32 -138.00 325 
2064 17008 -1236 -2094 1700 -728 -473.00 195.64 -141.00 324 
1840 16452 -1384 -2654 2150 -733 -472.00 193.63 -144.00 323 
1480 15456 -1256 -3260 2378 -1866 -476.00 191.62 -147.00 322 
1520 15272 -1244 -3072 2715 -2044 -471.00 186.93 -150.00 321 
1524 16672 -1024 -2658 2920 -934 -473.00 184.25 -153.00 320 
1288 16776 -760 -2717 3035 498 -471.00 182.24 -158.00 319 
1372 16096 -240 -2852 2638 522 -471.00 180.90 -163.00 317 
1016 16528 528 -3075 1626 463 -468.00 178.89 -167.00 316 
580 16120 -344 -1901 1174 2035 -467.00 176.88 -169.00 316 
136 13784 68 -89 1798 2343 -464.00 176.88 -171.00 315 
1292 14464 660 672 2257 2472 -462.00 177.55 -174.00 315 
2396 16344 -740 543 2231 2794 -458.00 177.55 -174.00 315 
3232 17332 -1652 356 3037 1796 -457.00 178.89 -173.00 315 
3772 18488 -2032 310 4386 1316 -455.00 179.56 -176.00 315 
2960 16420 276 621 4878 1024 -455.00 177.55 -176.00 315 
2772 14888 1664 -340 3349 -616 -454.00 174.87 -178.00 314 
2472 16240 888 -1393 2309 -1271 -453.00 174.20 -179.00 314 
2464 16520 780 -1639 1885 -833 -453.00 171.52 -179.00 313 
2708 15140 -116 -492 1981 -347 -451.00 167.50 -183.00 312 
2608 15264 460 682 1923 117 -451.00 166.83 -188.00 311 
2616 16324 540 1015 1132 937 -451.00 166.16 -184.00 312 
2940 16624 -272 304 654 1142 -453.00 166.16 -183.00 312 
3168 17792 -836 -1001 739 960 -449.00 166.83 -181.00 312 
2692 17596 -732 -1139 899 1739 -451.00 165.49 -182.00 312 
2756 14284 -528 -609 808 1622 -450.00 166.83 -182.00 312 
2768 13468 -232 -525 1021 288 -446.00 166.83 -185.00 312 
2444 15940 992 462 567 1256 -446.00 166.83 -184.00 312 
2120 15040 1672 822 -608 2427 -448.00 167.50 -184.00 312 
1784 14116 1816 77 -1588 1521 -447.00 166.83 -185.00 312 
1684 15460 676 -506 -2262 976 -443.00 170.18 -181.00 313 
2056 15204 460 -143 -2389 2057 -444.00 172.19 -181.00 313 
2204 14068 20 309 -2401 1398 -441.00 173.53 -178.00 314 
2228 15172 -232 -359 -2147 -431 -442.00 176.88 -180.00 314 
2152 15644 -72 -547 -2072 -1045 -440.00 175.54 -175.00 315 
1976 15000 552 -49 -2105 -920 -440.00 176.88 -176.00 315 
2536 16012 296 128 -2101 -818 -440.00 176.21 -175.00 315 
3136 18332 144 349 -1879 1108 -441.00 174.20 -172.00 315 
3116 17508 260 503 -1674 2285 -440.00 175.54 -173.00 315 
2680 15856 -224 540 -1579 1231 -439.00 177.55 -172.00 315 
2216 14916 184 1022 -1792 610 -438.00 178.22 -168.00 316 
2096 14448 -552 924 -1933 -138 -440.00 180.90 -168.00 317 
1672 16612 -824 139 -1605 -261 -437.00 180.23 -166.00 317 
1180 17824 824 -185 -1995 1301 -439.00 178.89 -163.00 317 
1500 15932 -1468 -871 -1940 1407 -440.00 180.23 -161.00 318 
1344 15676 -1228 -1328 -816 447 -439.00 180.90 -161.00 318 
1152 16748 -836 -971 -31 1585 -439.00 184.25 -162.00 318 
1380 15856 -580 -387 -7 2715 -437.00 185.59 -164.00 318 
1568 14272 -664 -304 -42 1590 -437.00 186.26 -162.00 318 
1656 15612 -992 -128 -55 579 -432.00 186.93 -162.00 319 
1352 16480 -704 898 -220 1428 -432.00 187.60 -163.00 319 
1852 15208 -500 930 -683 1320 -433.00 190.28 -163.00 319 
1640 14952 -536 190 -884 201 -434.00 189.61 -160.00 319 
1756 15816 -736 31 -872 150 -432.00 189.61 -157.00 320 
1820 15728 -1036 -243 -775 272 -432.00 189.61 -158.00 320 
1756 16012 -872 -560 -670 223 -433.00 191.62 -157.00 320 
1868 16108 -708 -591 -697 654 -434.00 189.61 -157.00 320 
1968 15788 -940 -660 -597 654 -433.00 189.61 -156.00 320 
1832 15984 -924 -628 -524 607 -433.00 190.95 -156.00 320 
1584 15860 -908 -532 -354 465 -432.00 191.62 -157.00 320 
1576 16232 -836 -343 -238 553 -432.00 192.29 -157.00 320 
1608 15608 -856 -422 -48 139 -430.00 192.29 -156.00 320 
1568 16240 -416 -527 44 140 -430.00 191.62 -158.00 320 
1460 15496 -492 -1063 77 -11 -432.00 190.28 -156.00 320 
1304 16032 220 -1263 248 -119 -432.00 190.95 -158.00 320 
1596 16216 -136 -1088 113 45 -432.00 191.62 -160.00 320 
2044 15876 -548 -534 -21 134 -431.00 190.28 -159.00 320 
1976 15680 -552 128 -51 247 -431.00 188.27 -159.00 319 
1624 15508 -224 -182 76 -397 -427.00 190.28 -161.00 319 
1656 15960 -72 -86 63 -691 -431.00 189.61 -158.00 320 
1796 16516 -212 -349 208 -199 -431.00 188.27 -158.00 319 
1820 16252 -392 -708 309 45 -430.00 188.27 -159.00 319 
2160 16504 -56 -1128 567 -81 -432.00 186.26 -160.00 319 
1912 16184 -20 -1535 807 -159 -430.00 186.93 -160.00 319 
1796 16260 -8 -1281 1090 226 -431.00 185.59 -161.00 319 
1812 15700 172 -1669 1477 -201 -430.00 185.59 -161.00 319 
1764 15908 308 -2077 1674 -122 -429.00 186.26 -163.00 318 
2020 15600 264 -2030 1985 463 -429.00 184.92 -166.00 318 
1864 14924 128 -1721 2403 524 -428.00 184.25 -169.00 317 
1924 14612 36 -1561 3020 -460 -426.00 183.58 -173.00 316 
1912 15308 464 -1161 3409 -855 -426.00 182.24 -174.00 316 
1508 15840 1208 -858 3485 219 -425.00 178.89 -175.00 315 
1660 14876 560 -509 3682 368 -425.00 178.22 -177.00 315 
1588 15704 148 -885 4482 -562 -423.00 177.55 -181.00 314 
1372 16252 96 -978 5046 -509 -424.00 174.87 -183.00 313 
1144 15900 -4 -373 5432 182 -424.00 170.85 -185.00 312 
840 14936 84 -259 5799 242 -421.00 168.84 -191.00 311 
768 14848 256 -646 6233 -583 -424.00 167.50 -191.00 311 
684 15636 -68 -1144 6928 -1233 -426.00 162.81 -195.00 309 
968 17372 -324 -1082 7541 -517 -423.00 158.12 -195.00 309 
912 16916 -884 -120 8226 1021 -422.00 154.10 -199.00 307 
820 16428 12 143 8931 1091 -422.00 150.08 -203.00 306 
1080 16636 240 -119 9128 1123 -423.00 146.06 -207.00 305 
1384 17112 -796 -918 10124 821 -422.00 143.38 -208.00 304 
1460 16716 -416 -945 10558 945 -420.00 140.70 -213.00 303 
952 15252 -300 -481 10404 687 -419.00 136.01 -217.00 302 
736 14236 -352 -56 10449 402 -417.00 129.31 -219.00 300 
1016 13832 -936 55 10855 -87 -419.00 125.96 -225.00 299 
1072 15296 -1060 -252 11876 -486 -417.00 117.25 -226.00 297 
1548 17040 -844 -896 12361 -60 -419.00 110.55 -229.00 295 
2204 16940 -1244 -1882 12498 494 -418.00 104.52 -233.00 294 
2464 16508 -1320 -2953 12507 756 -419.00 97.15 -239.00 292 
2792 16284 -1600 -3211 12805 1151 -418.00 91.12 -241.00 290 
2752 15632 -2104 -2906 13956 801 -415.00 82.41 -246.00 288 
2408 15320 -1652 -2207 15232 -287 -413.00 75.71 -250.00 286 
2040 16016 -1424 -1339 15806 50 -411.00 69.01 -256.00 285 
2064 15764 -268 -370 16155 1355 -412.00 58.29 -255.00 282 
2384 15400 -12 447 15877 2293 -412.00 47.57 -259.00 280 
2788 15560 152 1416 15784 2189 -413.00 39.53 -260.00 278 
2780 16088 408 2147 15943 1696 -414.00 30.15 -260.00 276 
2536 15724 816 2592 15507 1188 -418.00 21.44 -257.00 274 
2132 15160 952 3010 15253 855 -420.00 14.07 -255.00 273 
1972 15336 476 3137 15280 673 -425.00 5.36 -253.00 271 
1868 16004 268 3101 15546 653 -430.00 -4.69 -250.00 268 
1892 16652 152 2181 15907 -155 -434.00 -12.73 -247.00 267 
2368 17544 328 1577 15939 712 -434.00 -20.77 -240.00 265 
2492 16292 492 890 15797 1111 -438.00 -30.15 -237.00 262 
2776 17240 244 -109 15691 885 -443.00 -40.20 -234.00 260 
2704 17908 660 -1318 15850 775 -447.00 -48.24 -232.00 258 
2356 17212 652 -1885 15797 1053 -450.00 -55.61 -227.00 256 
1924 15900 1052 -1646 15292 639 -449.00 -62.98 -225.00 254 
1592 14656 1000 -1354 14784 116 -451.00 -71.69 -224.00 252 
1152 14640 1584 -729 14117 -512 -450.00 -79.73 -222.00 250 
1220 15876 1520 -124 13886 96 -453.00 -87.10 -220.00 248 
872 15056 1648 669 12970 327 -455.00 -95.14 -214.00 246 
724 14924 1432 953 12474 -398 -454.00 -101.17 -211.00 244 
1152 16812 684 1159 12500 -468 -460.00 -109.88 -205.00 241 
1284 16808 608 830 12498 -235 -460.00 -114.57 -199.00 240 
1048 15984 692 84 12484 -498 -464.00 -121.27 -195.00 238 
1100 15912 672 -550 12475 -355 -467.00 -127.30 -191.00 236 
1288 15500 608 -1156 12472 -90 -467.00 -133.33 -187.00 234 
1000 15396 1052 -1622 12392 -747 -469.00 -140.03 -183.00 232 
1096 15776 832 -1535 12169 -783 -468.00 -144.72 -177.00 230 
964 15256 632 -921 11567 -82 -473.00 -152.09 -173.00 228 
520 14448 -200 -864 11578 -85 -475.00 -157.45 -172.00 227 
776 15148 140 -834 11563 732 -475.00 -163.48 -166.00 225 
1304 15668 48 -532 11425 1567 -477.00 -166.16 -163.00 224 
2492 16524 -368 5 11545 474 -478.00 -170.85 -158.00 222 
2136 17236 144 -344 11378 -1004 -481.00 -173.53 -152.00 221 
1156 15536 420 -1089 10547 -1402 -482.00 -178.89 -148.00 219 
220 13620 -132 -800 9567 -848 -482.00 -183.58 -145.00 218 
-324 13076 -1296 -361 9190 -351 -481.00 -189.61 -139.00 216 
4 14188 -2984 356 9848 -481 -483.00 -194.97 -135.00 214 
320 17136 -2576 753 10844 223 -485.00 -197.65 -129.00 213 
1400 18820 -2352 675 11747 2193 -487.00 -201.00 -124.00 211 
2064 18468 -3332 -692 13204 2711 -491.00 -204.35 -116.00 209 
2076 18224 -1416 -1545 12944 1973 -495.00 -205.69 -110.00 208 
1660 16296 -1232 -1585 12437 2121 -498.00 -208.37 -101.00 205 
816 14132 -1496 -1206 11803 1521 -499.00 -210.38 -98.00 204 
208 13772 -1280 -505 11812 806 -501.00 -210.38 -91.00 203 
-8 14744 -1860 -48 11687 535 -504.00 -213.73 -85.00 201 
148 15640 -2144 362 11300 1280 -506.00 -215.07 -80.00 200 
288 15236 -2160 606 11326 1159 -507.00 -215.07 -73.00 198 
660 15900 -1988 612 11645 333 -510.00 -217.08 -65.00 196 
888 17068 -1596 64 11904 -71 -510.00 -218.42 -58.00 194 
1364 17860 -1724 -774 12317 91 -509.00 -221.10 -52.00 193 
1632 17180 -1588 -1344 12204 562 -512.00 -225.12 -43.00 190 
1672 16164 -2140 -1775 12526 355 -513.00 -223.11 -36.00 189 
1632 16000 -2392 -1333 13486 337 -514.00 -225.12 -31.00 187 
1856 15500 -1892 -769 14099 308 -516.00 -225.12 -21.00 185 
2004 15624 -1204 -495 14135 142 -514.00 -225.79 -14.00 183 
2008 15704 -1404 -349 13602 -86 -515.00 -226.46 -9.00 182 
1752 15992 -1500 -431 13115 28 -514.00 -225.79 3.00 179 
1884 16324 -1832 -529 13316 412 -516.00 -227.80 10.00 177 
1640 16616 -1720 -125 13490 841 -515.00 -225.12 18.00 175 
2032 16464 -1572 302 13678 1324 -517.00 -225.12 26.00 173 
2180 15868 -1200 928 13923 723 -518.00 -222.44 35.00 171 
1756 15716 -440 1114 13962 -138 -519.00 -219.09 45.00 168 
936 16144 820 601 13354 -339 -517.00 -217.75 54.00 166 
372 15716 1516 470 12192 330 -515.00 -215.74 64.00 163 
216 15916 1124 487 11284 329 -514.00 -213.06 69.00 162 
144 15976 580 869 10778 548 -515.00 -211.05 79.00 159 
492 15696 164 704 10212 278 -516.00 -206.36 86.00 157 
504 16232 -16 434 10023 717 -514.00 -205.02 92.00 155 
584 15608 -476 257 9916 968 -513.00 -201.67 100.00 153 
432 15716 -148 -130 9466 1028 -512.00 -198.32 106.00 151 
460 16576 64 63 8981 1754 -515.00 -195.64 110.00 150 
604 15676 -108 -158 8326 1496 -513.00 -188.27 115.00 148 
528 15696 160 -611 7791 370 -516.00 -185.59 120.00 147 
136 16456 776 -691 6959 363 -513.00 -181.57 123.00 145 
-248 15072 832 -566 5902 725 -514.00 -179.56 128.00 144 
-656 14332 1080 -592 4831 42 -517.00 -176.21 130.00 143 
-780 15728 820 -421 3850 -31 -514.00 -173.53 132.00 142 
-592 16176 488 25 3132 594 -516.00 -173.53 133.00 142 
-352 15756 -156 141 2692 214 -514.00 -170.18 134.00 141 
-448 16376 -84 242 2255 -146 -513.00 -170.85 136.00 141 
-424 16028 240 679 1408 355 -513.00 -170.18 141.00 140 
-548 15080 112 937 516 -19 -512.00 -168.17 139.00 140 
-560 16040 64 1063 206 208 -513.00 -168.17 142.00 139 
-396 15488 -172 567 297 -279 -513.00 -168.17 144.00 139 
-452 15624 180 300 -170 -714 -510.00 -168.84 144.00 139 
-744 15460 200 505 -847 -14 -509.00 -169.51 146.00 139 
-616 15844 -340 674 -1421 73 -510.00 -169.51 145.00 139 
-236 17168 -652 454 -683 146 -507.00 -170.18 146.00 139 
272 17652 -656 -110 -381 226 -507.00 -171.52 147.00 139 
564 17636 -364 -829 -380 232 -505.00 -172.19 147.00 139 
504 16784 -308 -1207 -721 315 -506.00 -172.86 148.00 139 
312 15456 -464 -1148 -1142 -85 -507.00 -172.19 145.00 139 
284 15404 -496 -1021 -1009 -651 -508.00 -174.20 145.00 140 
132 15372 -588 -1067 -962 -778 -508.00 -174.87 143.00 140 
-268 15612 -380 -1273 -828 -612 -507.00 -177.55 143.00 141 
-472 15488 -352 -1036 -858 247 -507.00 -177.55 141.00 141 
-424 15032 -164 -917 -767 597 -506.00 -178.22 142.00 141 
-144 15528 -112 -966 -762 716 -509.00 -178.22 141.00 141 
-64 15668 -268 -1124 -671 727 -507.00 -178.89 140.00 141 
-80 15600 128 -854 -1290 1365 -509.00 -178.22 137.00 142 
-88 15680 -632 -586 -1323 1517 -510.00 -178.22 138.00 142 
-88 15468 -632 -175 -1445 1352 -511.00 -176.88 136.00 142 
64 15456 -836 -38 -1202 972 -511.00 -176.21 138.00 141 
4 15952 -492 -201 -1207 651 -511.00 -176.88 134.00 142 
-44 16396 -260 -428 -1472 774 -512.00 -175.54 130.00 143 
208 16328 -528 -600 -1784 1104 -512.00 -176.88 134.00 142 
184 15888 -372 -953 -1785 1089 -514.00 -176.88 133.00 143 
140 15616 -668 -1125 -1704 939 -514.00 -176.21 132.00 143 
288 16052 -536 -1304 -1550 795 -514.00 -176.21 133.00 142 
188 16208 -456 -1154 -1290 1069 -514.00 -176.21 128.00 144 
308 15696 -460 -990 -998 941 -514.00 -176.21 128.00 144 
236 15572 -300 -769 -826 958 -516.00 -174.87 128.00 143 
260 15544 -132 -451 -766 1030 -515.00 -176.21 126.00 144 
340 15940 292 -638 -816 1094 -516.00 -176.88 126.00 144 
312 16228 184 -903 -962 1204 -518.00 -175.54 125.00 144 
404 15852 -184 -967 -1099 1131 -517.00 -174.87 125.00 144 
468 15552 -156 -556 -839 885 -518.00 -176.88 124.00 144 
336 15608 20 -3 -634 1022 -519.00 -176.21 125.00 144 
472 15520 32 417 -591 1007 -520.00 -175.54 123.00 144 
528 15624 -56 606 -622 921 -519.00 -173.53 125.00 144 
492 15928 -124 605 -513 724 -519.00 -173.53 123.00 144 
672 16112 56 652 -598 772 -519.00 -173.53 125.00 144 
592 15596 -472 1043 -582 976 -518.00 -174.20 126.00 144 
680 15624 -544 1319 -442 573 -519.00 -174.20 125.00 144 
632 16608 -296 1263 -418 381 -517.00 -173.53 131.00 142 
584 16776 12 712 -609 482 -518.00 -174.20 132.00 142 
748 16840 -932 163 -777 601 -519.00 -174.20 132.00 142 
672 16784 -1072 -440 -501 509 -517.00 -174.87 132.00 142 
380 16656 -872 -903 -279 564 -515.00 -174.20 133.00 142 
288 15644 -552 -1151 -134 583 -516.00 -173.53 130.00 143 
304 15356 -740 -1535 26 152 -518.00 -174.20 131.00 143 
544 16236 -700 -1589 75 360 -516.00 -174.87 131.00 143 
420 16148 -592 -1441 106 871 -519.00 -175.54 129.00 143 
444 15248 -920 -1359 110 648 -517.00 -174.87 127.00 144 
248 15132 -900 -1169 267 292 -518.00 -174.20 128.00 143 
140 15464 -488 -857 222 652 -520.00 -174.87 125.00 144 
264 15748 -620 -674 41 895 -517.00 -173.53 124.00 144 
272 15392 -796 -723 187 597 -517.00 -173.53 126.00 144 
176 15804 -960 -617 328 662 -518.00 -174.20 126.00 144 
80 15688 -856 -311 165 733 -519.00 -172.19 124.00 144 
-188 15888 -660 41 318 492 -519.00 -172.86 124.00 144 
-12 15476 108 457 244 455 -519.00 -173.53 128.00 143 
504 15536 -180 428 -132 286 -519.00 -172.86 126.00 143 
792 16480 -464 156 -411 511 -519.00 -171.52 129.00 143 
736 15984 -36 49 -469 664 -517.00 -173.53 127.00 143 
492 14904 -292 228 -134 13 -518.00 -174.87 129.00 143 
468 14672 -424 515 386 -522 -516.00 -173.53 125.00 144 
-88 15088 -136 6 664 -1023 -518.00 -176.21 129.00 143 
-776 16236 980 -408 694 128 -515.00 -176.88 130.00 143 
-816 15752 1408 -571 19 997 -514.00 -176.88 132.00 143 
-708 15764 208 26 314 1310 -514.00 -176.88 132.00 143 
-408 16632 32 797 727 1816 -516.00 -176.21 132.00 143 
-224 17000 -60 810 1058 2280 -513.00 -175.54 134.00 142 
112 17324 -228 208 1167 2663 -516.00 -174.20 135.00 142 
-40 16460 -596 -607 1484 2351 -520.00 -170.85 137.00 141 
-472 16600 28 -1026 1828 1417 -517.00 -169.51 134.00 141 
-1180 15788 648 -860 1951 1247 -517.00 -168.17 135.00 141 
-1956 15424 1500 -912 1667 1484 -521.00 -166.83 136.00 140 
-1768 14468 1520 -1370 926 1588 -521.00 -166.16 137.00 140 
-1344 14832 644 -1543 553 1104 -524.00 -164.82 135.00 140 
-1564 15624 16 -1272 486 736 -525.00 -165.49 137.00 140 
-1712 15192 180 -1102 893 607 -524.00 -162.81 134.00 140 
-2036 14748 460 -923 715 431 -527.00 -164.15 134.00 140 
-1796 15140 696 -813 544 247 -528.00 -164.82 134.00 140 
-1744 15544 744 -909 82 55 -527.00 -166.16 131.00 141 
-1700 15832 592 -932 -130 -180 -529.00 -166.83 133.00 141 
-1740 15740 348 -310 -211 -243 -531.00 -168.84 131.00 142 
-1736 15896 504 291 -390 -441 -531.00 -170.18 130.00 142 
-1680 16596 860 -12 -1137 -579 -528.00 -171.52 132.00 142 
-1772 17228 684 -363 -1820 -441 -531.00 -174.20 134.00 142 
-1528 16940 -56 -259 -2120 -393 -531.00 -177.55 132.00 143 
-1380 17456 32 39 -2377 -540 -532.00 -182.24 130.00 144 
-692 18676 -48 285 -2253 -87 -534.00 -182.24 127.00 145 
-508 18244 112 349 -2307 329 -533.00 -185.59 128.00 145 
-1144 17656 512 549 -2182 541 -532.00 -189.61 127.00 146 
-204 17932 508 263 -2777 1396 -532.00 -192.29 125.00 146 
868 18652 -784 58 -3666 1991 -533.00 -193.63 124.00 147 
2420 18924 -2496 -68 -3788 1777 -533.00 -194.97 121.00 148 
3080 18904 -2732 -854 -3164 416 -537.00 -196.98 120.00 148 
2524 17672 -1012 -1974 -3052 -657 -533.00 -198.32 116.00 149 
2172 14908 -1180 -3050 -3356 -2183 -536.00 -201.67 113.00 150 
2636 15748 -1900 -2850 -2918 -3023 -533.00 -206.36 107.00 152 
2564 16312 -1868 -1845 -3234 -1615 -530.00 -211.72 101.00 154 
2436 16388 -1300 -182 -3150 329 -530.00 -217.08 95.00 156 
1832 13728 -600 356 -3035 592 -528.00 -220.43 93.00 157 
1816 12896 -400 39 -3022 -1039 -526.00 -220.43 91.00 157 
1520 13672 -892 145 -3439 -982 -525.00 -224.45 88.00 158 
1032 13208 -940 224 -3779 -343 -524.00 -227.13 85.00 159 
492 13276 -1244 592 -3720 228 -519.00 -231.15 83.00 160 
408 13988 -1488 833 -2408 593 -517.00 -234.50 79.00 161 
444 13988 -2052 654 -1358 617 -518.00 -235.84 81.00 161 
380 14068 -1944 -157 -549 298 -515.00 -237.18 80.00 161 
-216 15032 -1060 -1143 -487 817 -515.00 -238.52 78.00 161 
-40 14548 -728 -1801 -891 1092 -515.00 -240.53 77.00 162 
-260 15180 -1364 -1368 -749 1009 -514.00 -239.19 75.00 162 
-164 14452 -1888 301 -238 1357 -512.00 -240.53 72.00 163 
-212 14704 -2120 612 663 -84 -512.00 -241.20 71.00 163 
-392 15468 -836 288 1303 -1351 -509.00 -243.21 71.00 163 
-736 16220 -436 -665 1374 -2104 -509.00 -246.56 72.00 163 
-1016 16412 152 -1045 1248 -1995 -504.00 -247.90 70.00 164 
-1392 15524 -152 -1089 1399 -1785 -501.00 -252.59 71.00 164 
-1108 16368 276 -1320 1314 -1638 -496.00 -253.93 72.00 164 
-392 16160 -176 -1168 832 -927 -494.00 -257.95 71.00 164 
-304 17512 -864 -464 811 -689 -490.00 -259.96 67.00 165 
-1576 18892 -800 81 1599 514 -487.00 -261.97 69.00 165 
-528 19076 -360 1153 1955 2674 -486.00 -263.98 69.00 165 
1492 21200 -896 718 2271 3525 -482.00 -263.98 71.00 164 
3736 24036 -724 -186 2638 3952 -485.00 -261.30 71.00 164 
4712 21680 -256 -1734 2989 3385 -485.00 -258.62 74.00 164 
3328 16856 1644 -2776 3156 451 -483.00 -255.94 73.00 164 
1800 15192 2524 -2624 2717 -828 -481.00 -253.26 72.00 164 
1792 15628 2300 -1771 1942 225 -480.00 -255.27 72.00 164 
2328 14952 1004 -1005 1813 886 -481.00 -255.94 70.00 164 
2028 13720 464 -540 2354 273 -476.00 -256.61 69.00 164 
1476 13248 688 300 2657 -258 -472.00 -255.94 69.00 164 
872 12820 1024 902 2632 -462 -467.00 -255.94 70.00 164 
340 13332 560 820 2611 -345 -466.00 -257.28 73.00 164 
176 14116 68 774 2596 311 -463.00 -257.28 75.00 163 
540 13628 -808 1296 2578 1341 -458.00 -258.62 78.00 163 
404 12504 -1212 1366 2950 611 -455.00 -258.62 81.00 162 
-136 13072 -48 1210 2867 -440 -455.00 -256.61 83.00 162 
-468 13540 284 518 2177 -834 -450.00 -257.95 86.00 161 
-1004 13340 452 -169 1105 -534 -446.00 -259.29 87.00 161 
-1084 13624 104 200 210 -329 -442.00 -259.96 89.00 161 
-896 15040 -48 123 125 -487 -440.00 -261.97 87.00 161 
-792 16244 -4 -482 656 -635 -435.00 -263.98 88.00 161 
-940 14900 -376 -1242 220 -1512 -434.00 -264.65 88.00 161 
-1264 14932 800 -1370 -441 -1940 -429.00 -265.32 88.00 161 
-1364 15496 -16 -381 -1298 -1925 -422.00 -268.67 89.00 161 
-736 17076 -468 -797 -1777 -2111 -418.00 -270.68 84.00 162 
-332 19132 -244 -1180 -1727 -1132 -411.00 -272.69 81.00 163 
-340 17972 -36 -1000 -2257 78 -407.00 -275.37 82.00 163 
-904 16184 -552 -760 -2219 -554 -401.00 -277.38 81.00 163 
-1532 17272 -376 -660 -2914 107 -398.00 -277.38 76.00 164 
400 18316 -1128 -82 -3282 2404 -395.00 -278.72 74.00 165 
1992 20668 -2168 644 -3203 2218 -393.00 -278.05 72.00 165 
3292 20948 -3284 1063 -2041 1408 -389.00 -278.05 69.00 166 
2684 19332 -1972 2 -1458 435 -389.00 -278.05 68.00 166 
1464 17092 -424 -798 -1828 839 -384.00 -277.38 66.00 166 
1276 15064 -804 33 -2074 1310 -382.00 -276.04 66.00 166 
2016 14824 -1172 2117 -1757 1886 -377.00 -274.70 65.00 166 
1956 15284 -660 2791 -1626 1731 -373.00 -274.03 65.00 166 
1700 14744 -512 1430 -1498 831 -372.00 -274.03 64.00 166 
1252 14612 -144 -1220 -1615 424 -370.00 -272.02 66.00 166 
1060 14856 -180 -2273 -2604 532 -366.00 -272.69 63.00 166 
964 14448 -1340 -1829 -2076 1175 -364.00 -270.68 63.00 166 
636 13980 -1460 -1398 -187 793 -363.00 -270.68 59.00 167 
288 13840 -572 -1485 1064 798 -357.00 -270.01 56.00 168 
-448 12816 240 -1160 808 656 -358.00 -268.00 55.00 168 
-572 12864 148 -1653 297 -369 -355.00 -268.00 55.00 168 
-668 14276 -872 -1834 372 -404 -351.00 -269.34 56.00 168 
-720 14640 -424 -1972 447 46 -347.00 -267.33 55.00 168 
-764 15004 -452 -1632 577 661 -346.00 -267.33 54.00 168 
-960 14364 -640 -1745 471 560 -343.00 -267.33 52.00 168 
-1164 14136 -748 -1476 897 -243 -341.00 -266.66 55.00 168 
-984 14884 -444 -1102 1189 -809 -335.00 -266.66 54.00 168 
-504 16064 -668 -1406 1422 -1063 -331.00 -266.66 53.00 168 
-136 16960 344 -2148 1256 -1541 -329.00 -265.99 53.00 168 
20 19144 760 -2567 457 -1437 -322.00 -265.99 53.00 168 
-340 19876 520 -2228 118 35 -320.00 -266.66 52.00 168 
-440 18612 -136 -2256 728 590 -317.00 -265.99 51.00 169 
88 19108 408 -1856 1933 633 -314.00 -265.32 51.00 169 
1700 21460 1484 -1809 2372 2414 -310.00 -264.65 51.00 169 
2112 22132 356 -1552 3205 3804 -310.00 -260.63 52.00 168 
3804 20944 -448 -2366 4021 3758 -311.00 -259.29 52.00 168 
2704 16428 1720 -1483 4092 2233 -310.00 -256.61 55.00 167 
1004 13444 3460 -390 3109 505 -311.00 -252.59 55.00 167 
1784 15048 1848 362 1818 1342 -309.00 -249.91 59.00 166 
2380 15384 1196 630 1930 1660 -307.00 -249.24 60.00 166 
2168 16076 1628 528 1202 1098 -306.00 -246.56 60.00 166 
1804 14740 260 713 2036 627 -303.00 -244.55 61.00 165 
1100 13688 1224 1386 2348 196 -302.00 -243.21 64.00 165 
1120 13348 568 989 2345 -277 -299.00 -243.21 65.00 165 
1008 13668 268 107 2481 -235 -295.00 -241.87 69.00 164 
676 13288 612 -595 2435 -147 -294.00 -239.86 69.00 163 
220 12744 1228 -856 2180 46 -290.00 -239.86 72.00 163 
-292 12708 1480 -793 1803 -333 -288.00 -238.52 72.00 163 
-492 12928 1484 50 933 200 -286.00 -237.85 73.00 162 
-196 13064 588 629 634 360 -283.00 -237.18 72.00 163 
-364 13664 648 500 288 -309 -279.00 -238.52 76.00 162 
-476 15068 852 496 -138 -260 -278.00 -235.17 77.00 161 
-944 15148 1032 886 -631 -203 -277.00 -238.52 74.00 162 
-1032 14968 1008 1100 -932 -807 -273.00 -235.84 76.00 162 
-1072 15532 1188 532 -1106 -1126 -267.00 -236.51 75.00 162 
-1012 15916 472 359 -1336 -1363 -261.00 -237.18 76.00 162 
-996 17424 244 466 -1475 -1398 -259.00 -237.85 75.00 162 
-700 19104 152 324 -1529 -450 -255.00 -240.53 74.00 162 
-488 18628 -236 -329 -1814 -460 -251.00 -240.53 73.00 163 
-1340 18396 -1196 -986 -1692 -717 -250.00 -239.19 72.00 163 
-92 19076 212 -1637 -2242 1375 -246.00 -239.86 70.00 163 
1260 19824 -388 -2147 -3145 1940 -241.00 -239.86 70.00 163 
2000 21132 -1416 -2666 -2914 997 -241.00 -239.19 66.00 164 
3300 21064 -1724 -2405 -2199 736 -244.00 -239.19 64.00 165 
1980 18508 -472 -1716 -2063 636 -239.00 -235.84 61.00 165 
904 15260 56 -1184 -2757 369 -238.00 -235.84 59.00 165 
1132 13292 -1176 -46 -3361 663 -237.00 -235.84 56.00 166 
1624 14076 -1628 1561 -3173 659 -235.00 -233.83 55.00 166 
1852 15132 -1408 1898 -2998 524 -234.00 -234.50 53.00 167 
1852 16176 -1568 598 -2994 605 -230.00 -233.83 53.00 167 
1500 14472 -1612 -537 -2712 1138 -230.00 -234.50 52.00 167 
1364 12732 -1352 -1781 -2371 500 -228.00 -233.16 47.00 168 
1264 12736 -1648 -1545 -1755 752 -222.00 -234.50 49.00 168 
1304 12572 -1876 -847 -853 756 -225.00 -233.16 45.00 169 
980 13844 -1228 -527 318 984 -223.00 -233.16 46.00 168 
752 13112 -840 -305 640 886 -223.00 -231.15 46.00 168 
392 13864 -1092 -314 1041 208 -223.00 -231.15 47.00 168 
-52 14568 -228 -463 1289 431 -219.00 -231.15 48.00 168 
-36 14548 248 -422 1279 957 -217.00 -231.82 47.00 168 
208 14448 -960 -50 1406 533 -215.00 -229.81 49.00 167 
-4 15248 -984 -47 2034 277 -216.00 -229.81 52.00 167 
-276 15004 -212 -147 2168 62 -212.00 -229.81 53.00 167 
-252 14640 8 -326 2161 -404 -213.00 -229.81 52.00 167 
868 14576 -1140 -392 2390 -1212 -212.00 -229.14 53.00 166 
764 16264 -184 -1106 2694 -2261 -210.00 -231.15 57.00 166 
-128 17248 1092 -1392 2390 -2593 -209.00 -232.49 59.00 165 
-828 16360 -460 -1341 2521 -2859 -205.00 -232.49 59.00 165 
-284 16636 -484 -764 2861 -1973 -201.00 -235.17 64.00 164 
1732 19800 1168 -859 2436 -14 -199.00 -236.51 65.00 164 
1680 24104 -264 -344 2543 2546 -193.00 -238.52 67.00 164 
2500 23896 272 -1901 2983 3254 -194.00 -238.52 67.00 164 
2436 20424 764 -2824 3221 1665 -193.00 -238.52 70.00 163 
1988 18552 1468 -3379 3223 271 -195.00 -235.84 71.00 163 
2340 17488 1756 -3902 2326 1483 -193.00 -236.51 74.00 162 
2924 15692 160 -4474 1878 2173 -190.00 -237.18 74.00 162 
2904 15312 612 -4152 2259 1700 -190.00 -236.51 75.00 162 
2132 15840 336 -2456 2611 1294 -189.00 -237.18 73.00 162 
1632 15032 1068 -1051 3300 1143 -189.00 -234.50 75.00 162 
1384 13168 1924 -200 2874 942 -187.00 -234.50 76.00 162 
1380 13024 1316 -182 2255 510 -184.00 -233.83 77.00 161 
884 11636 1284 -146 1645 -134 -181.00 -231.82 81.00 160 
664 12944 780 196 858 -368 -177.00 -232.49 79.00 161 
76 14320 1356 1529 502 34 -174.00 -232.49 79.00 161 
240 15732 948 2422 -275 639 -168.00 -233.83 81.00 160 
1208 15188 -728 2806 -433 762 -163.00 -234.50 80.00 161 
1340 15904 -1300 1830 -123 -434 -163.00 -234.50 82.00 160 
984 16384 812 1347 -807 -975 -157.00 -235.17 82.00 160 
1068 15924 836 924 -2111 -970 -153.00 -235.84 83.00 160 
1224 15568 1008 842 -3638 -1851 -150.00 -236.51 82.00 160 
1512 17644 564 719 -4456 -2263 -146.00 -237.85 78.00 161 
1336 16920 604 634 -4766 -2213 -136.00 -239.86 77.00 162 
996 15328 1164 -84 -5139 -2898 -132.00 -241.20 75.00 162 
700 15028 1044 200 -5823 -2474 -128.00 -240.53 69.00 163 
988 15260 364 921 -6297 -1348 -124.00 -243.21 69.00 164 
2188 16632 -988 1352 -6184 -438 -120.00 -244.55 64.00 165 
2380 18220 -1540 878 -4921 361 -117.00 -245.22 60.00 166 
2716 17340 -1904 -239 -3438 687 -112.00 -245.89 58.00 166 
2616 16416 -332 -795 -2664 701 -109.00 -245.89 56.00 167 
1896 16824 -336 -777 -2243 1346 -109.00 -245.89 54.00 167 
1784 16072 -208 -507 -1902 2350 -107.00 -245.22 53.00 167 
1916 15524 -568 -605 -1151 2390 -108.00 -244.55 50.00 168 
1184 15584 -392 -557 -580 1909 -109.00 -244.55 50.00 168 
668 13336 -116 -67 -351 1672 -108.00 -245.22 50.00 168 
208 11288 848 462 -945 661 -107.00 -243.88 49.00 168 
-152 12776 -4 215 -1430 -285 -107.00 -243.21 47.00 169 
68 14348 -916 -85 -1790 -417 -105.00 -243.88 47.00 169 
172 14984 -1160 95 -1473 155 -104.00 -243.88 47.00 169 
204 16512 -1164 1061 -1215 1182 -101.00 -244.55 45.00 169 
892 17736 -1104 2292 -111 4124 -100.00 -243.88 48.00 168 
2780 18040 -612 1075 406 3424 -102.00 -244.55 45.00 169 
2900 19540 -4 -419 1202 2727 -105.00 -243.88 46.00 169 
2688 19036 356 -971 576 3173 -101.00 -243.88 47.00 169 
2968 14716 -2124 -55 1152 3231 -105.00 -243.21 47.00 169 
1280 13888 -2652 -367 2859 1179 -105.00 -241.20 48.00 168 
344 15244 412 -1218 2566 662 -108.00 -242.54 49.00 168 
-216 15228 32 -2003 2085 678 -109.00 -242.54 51.00 168 
-12 15744 -148 -2325 2281 274 -108.00 -240.53 51.00 168 
-144 15780 528 -2036 1778 978 -107.00 -240.53 55.00 167 
-112 14984 156 -2145 1011 365 -109.00 -239.86 54.00 167 
232 15680 436 -2017 809 -133 -107.00 -238.52 56.00 166 
520 16820 812 -1835 224 -272 -110.00 -240.53 56.00 166 
1032 17388 132 -951 305 710 -107.00 -239.86 54.00 167 
1308 16636 -276 -837 1057 300 -107.00 -241.20 57.00 166 
1660 16576 120 -954 1643 -237 -107.00 -241.20 57.00 166 
780 16444 1084 -687 1457 806 -106.00 -239.19 56.00 166 
528 14544 964 -494 1136 360 -107.00 -240.53 59.00 166 
404 15280 1044 -184 910 287 -104.00 -237.18 58.00 166 
564 15816 512 -145 303 780 -105.00 -238.52 59.00 166 
500 15020 232 -247 -29 745 -104.00 -236.51 59.00 165 
956 15300 -404 -247 214 507 -104.00 -237.18 60.00 165 
912 16324 -248 103 655 923 -105.00 -237.85 60.00 165 
900 15432 452 194 755 985 -105.00 -238.52 62.00 165 
744 16352 752 -432 666 466 -103.00 -237.85 62.00 165 
716 16884 892 -683 187 998 -103.00 -237.18 62.00 165 
812 15404 112 -773 49 1131 -104.00 -238.52 62.00 165 
720 15204 -56 -714 379 465 -106.00 -237.18 62.00 165 
980 16460 -96 -207 459 1072 -105.00 -236.51 63.00 165 
956 15808 -136 -209 537 1010 -105.00 -235.84 62.00 165 
952 16264 -12 -932 532 215 -105.00 -237.18 62.00 165 
948 16596 384 -865 275 739 -104.00 -236.51 63.00 165 
892 15628 408 -700 -35 757 -103.00 -235.84 64.00 164 
928 15940 -336 -796 -396 309 -105.00 -235.17 65.00 164 
744 15384 476 -521 -325 230 -106.00 -236.51 61.00 165 
980 15940 152 -428 -321 148 -104.00 -235.84 61.00 165 
944 16228 0 -195 -231 470 -103.00 -235.84 61.00 165 
892 16084 -116 -67 -99 312 -105.00 -238.52 63.00 165 
1048 16276 -8 -490 80 -7 -103.00 -236.51 61.00 165 
740 15968 496 -799 -25 -261 -104.00 -235.17 62.00 165 
608 16056 28 -834 134 -60 -103.00 -235.84 61.00 165 
1008 15432 444 -545 111 584 -101.00 -235.84 63.00 165 
816 15580 232 -569 192 214 -102.00 -235.84 62.00 165 
712 15928 700 -468 24 625 -101.00 -237.18 61.00 165 
632 15676 604 -355 -43 651 -104.00 -235.17 62.00 165 
696 15936 272 -334 52 418 -102.00 -235.84 63.00 165 
840 15976 -92 -403 25 418 -102.00 -235.17 63.00 165 
820 15800 156 -359 87 620 -102.00 -237.18 60.00 165 
740 15620 288 -243 -43 751 -104.00 -235.84 63.00 165 
784 15544 456 -440 -310 541 -103.00 -235.17 65.00 164 
852 16632 212 -365 -528 488 -103.00 -237.85 62.00 165 
840 16608 140 -179 -364 1051 -104.00 -235.84 62.00 165 
1296 16024 508 -595 -192 464 -102.00 -237.85 61.00 165 
828 16140 116 -682 34 590 -100.00 -235.84 62.00 165 
628 16260 644 -586 -78 908 -105.00 -235.84 60.00 165 
932 15336 84 -593 -137 890 -101.00 -236.51 61.00 165 
760 15604 212 -791 27 345 -103.00 -237.18 62.00 165 
816 16516 324 -878 -18 591 -106.00 -234.50 60.00 165 
784 16064 280 -750 -57 1166 -106.00 -237.18 64.00 164 
832 15652 180 -886 200 718 -103.00 -236.51 62.00 165 
976 16160 200 -861 328 645 -106.00 -235.17 60.00 165 
960 15732 112 -802 442 722 -105.00 -238.52 61.00 165 
920 15552 328 -519 513 555 -105.00 -235.84 61.00 165 
796 15536 264 0 476 582 -107.00 -236.51 63.00 165 
796 15168 384 403 343 350 -106.00 -235.17 63.00 165 
1024 16088 72 381 367 240 -105.00 -236.51 61.00 165 
912 16356 528 181 317 269 -104.00 -235.17 63.00 165 
672 16456 636 -197 164 374 -104.00 -233.83 64.00 164 
840 15936 92 -164 100 663 -106.00 -235.17 63.00 165 
844 15860 448 -151 224 621 -105.00 -235.17 65.00 164 
944 15984 268 -459 37 617 -104.00 -235.17 64.00 164 
796 15384 188 -323 338 413 -108.00 -235.84 63.00 165 
608 16324 956 -590 466 838 -105.00 -235.84 64.00 164 
928 15980 60 -1191 869 1130 -108.00 -234.50 65.00 164 
1004 15132 800 -672 669 1046 -108.00 -234.50 64.00 164 
916 15856 504 -344 -17 454 -108.00 -235.17 66.00 164 
1000 15756 140 9 -206 550 -108.00 -234.50 66.00 164 
1028 15872 -112 545 -277 554 -109.00 -233.83 66.00 164 
752 15812 220 603 256 151 -107.00 -233.83 65.00 164 
752 16340 688 591 110 409 -111.00 -234.50 66.00 164 
1136 16056 -228 523 -350 697 -109.00 -234.50 68.00 163 
932 15568 -300 478 -303 380 -108.00 -235.17 66.00 164 
840 15384 -44 299 -136 -45 -106.00 -235.17 67.00 164 
984 15576 -156 159 -201 -93 -108.00 -234.50 66.00 164 
1136 16220 -576 53 63 -80 -105.00 -235.17 66.00 164 
768 16652 740 -3 192 545 -103.00 -233.83 67.00 164 
796 16320 -152 -427 41 560 -105.00 -235.17 68.00 163 
712 15800 400 -343 11 635 -104.00 -233.83 66.00 164 
1092 15752 -40 -353 -111 287 -105.00 -233.83 66.00 164 
1172 15988 -400 -191 46 88 -107.00 -235.84 68.00 163 
1044 16356 -116 -393 248 192 -106.00 -235.84 70.00 163 
812 15992 -52 -698 327 500 -107.00 -233.16 67.00 163 
796 15220 276 -533 113 547 -105.00 -234.50 65.00 164 
968 16032 224 -561 243 407 -109.00 -234.50 69.00 163 
1212 15988 -160 -576 263 297 -105.00 -234.50 67.00 164 
1128 16524 216 -527 300 668 -106.00 -234.50 67.00 164 
968 15708 16 -448 420 779 -106.00 -234.50 68.00 163 
1056 15212 -376 -1131 22 -141 -106.00 -232.49 69.00 163 
884 16516 476 -671 459 91 -105.00 -235.17 66.00 164 
932 15440 84 0 515 452 -106.00 -233.83 68.00 163 
744 15340 556 -288 382 -60 -107.00 -234.50 68.00 163 
936 16532 332 -556 -51 609 -103.00 -233.83 69.00 163 
1128 15808 -432 -935 -366 980 -104.00 -233.16 70.00 163 
488 16044 512 -225 211 -31 -106.00 -233.16 68.00 163 
692 16672 916 -801 1272 -232 -106.00 -233.83 68.00 163 
1268 16616 -564 -440 -328 637 -108.00 -233.83 71.00 163 
1076 15540 100 -356 -24 541 -105.00 -231.82 68.00 163 
836 16204 -148 -849 111 52 -107.00 -233.83 69.00 163 
968 16020 -188 -649 95 392 -105.00 -233.83 68.00 163 
660 15352 44 -840 966 -145 -106.00 -233.83 71.00 163 
888 16052 360 -1149 92 -48 -106.00 -233.83 71.00 163 
656 15952 -264 -1088 -177 412 -105.00 -234.50 69.00 163 
640 15624 -184 -1015 -390 692 -105.00 -233.16 72.00 162 
392 15432 648 -1020 -435 754 -107.00 -233.83 68.00 163 
844 15752 -292 -837 -480 1009 -109.00 -232.49 69.00 163 
1116 15840 -264 -689 76 1171 -106.00 -233.16 68.00 163 
