1656 15324 520 -403 70 260 -81.00 275.37 -119.00 336 
1572 15904 588 -337 45 127 -85.00 276.04 -122.00 336 
1728 15944 520 -476 -33 198 -87.00 276.04 -122.00 336 
1744 15532 812 -466 -240 19 -85.00 275.37 -122.00 336 
1644 15840 408 -445 -260 -278 -86.00 277.38 -121.00 336 
1556 16404 336 -193 -84 426 -86.00 278.05 -120.00 336 
1724 15756 464 -269 -124 635 -85.00 277.38 -122.00 336 
1560 15564 564 -352 -132 472 -85.00 277.38 -121.00 336 
1564 16212 564 -310 -81 805 -87.00 277.38 -121.00 336 
1640 15740 556 -216 -56 848 -87.00 278.72 -118.00 337 
1772 15768 436 -357 122 471 -85.00 276.71 -123.00 336 
1660 16100 684 -382 60 643 -85.00 276.04 -121.00 336 
1872 15932 516 -426 140 800 -83.00 278.72 -120.00 336 
1888 16028 568 -514 213 515 -84.00 277.38 -120.00 336 
1812 16544 608 -550 154 517 -85.00 276.04 -121.00 336 
1900 16164 708 -574 -7 890 -83.00 276.71 -120.00 336 
1928 15356 660 -676 -112 898 -88.00 277.38 -120.00 336 
1660 15264 728 -571 -151 551 -86.00 276.71 -121.00 336 
1756 16020 492 -487 -82 426 -84.00 276.71 -119.00 336 
1856 15944 632 -256 -135 691 -85.00 276.71 -121.00 336 
1888 15780 516 -436 -214 472 -84.00 277.38 -122.00 336 
2064 15788 604 -592 -325 182 -81.00 276.71 -122.00 336 
1776 15408 704 -518 -500 53 -84.00 276.04 -120.00 336 
1892 15532 604 -313 -442 -29 -83.00 277.38 -120.00 336 
2076 16036 164 -207 -257 -97 -83.00 278.05 -120.00 336 
2052 16312 148 -186 -7 -99 -85.00 276.71 -119.00 336 
2052 16120 464 -179 0 439 -85.00 278.05 -119.00 336 
2020 15788 636 -106 -26 812 -86.00 276.71 -121.00 336 
1720 15728 492 -462 12 703 -85.00 276.71 -122.00 336 
1836 15496 864 -454 183 616 -87.00 278.05 -119.00 336 
1652 15560 708 -517 109 639 -89.00 277.38 -119.00 336 
1672 15676 200 -726 138 278 -84.00 277.38 -119.00 336 
1376 15604 352 -483 309 829 -88.00 276.04 -121.00 336 
1272 14908 164 -481 515 779 -86.00 278.05 -119.00 336 
1260 15252 432 -534 502 442 -85.00 276.71 -120.00 336 
1264 16004 480 -321 445 452 -85.00 276.04 -123.00 335 
1132 16596 468 -365 344 775 -81.00 278.05 -124.00 335 
1092 16308 488 -287 247 1637 -86.00 276.71 -121.00 336 
760 15780 268 -331 279 2095 -83.00 278.05 -123.00 336 
944 15064 -88 -569 539 1437 -83.00 274.70 -122.00 336 
820 15116 64 -371 763 812 -81.00 278.72 -124.00 336 
732 15856 244 -24 943 1100 -80.00 279.39 -124.00 336 
784 16344 -72 -204 1043 1299 -80.00 276.71 -124.00 335 
420 16300 208 -518 944 1819 -79.00 280.06 -125.00 335 
268 15424 -184 -581 967 2015 -81.00 278.05 -125.00 335 
60 15152 216 -592 759 1827 -75.00 278.05 -128.00 335 
240 16068 296 -479 654 1943 -78.00 278.05 -129.00 335 
516 16028 200 -456 323 2201 -74.00 277.38 -130.00 334 
404 15588 248 -392 228 2356 -76.00 279.39 -132.00 334 
344 14960 -216 -26 588 2201 -73.00 279.39 -131.00 334 
20 15032 464 282 669 1735 -74.00 277.38 -129.00 335 
0 15668 540 664 516 1948 -72.00 279.39 -132.00 334 
188 15724 344 761 360 1805 -73.00 280.73 -134.00 334 
352 16536 -28 644 448 1507 -77.00 280.73 -133.00 334 
128 16552 284 519 31 1465 -76.00 282.07 -135.00 334 
-172 16660 392 160 -2 1598 -78.00 281.40 -136.00 334 
88 15756 -244 -35 100 1352 -78.00 282.07 -135.00 334 
48 15884 444 121 81 1191 -81.00 281.40 -137.00 334 
-88 15916 268 17 444 1484 -81.00 282.74 -137.00 334 
-500 16732 716 -456 583 1622 -83.00 282.07 -137.00 334 
-108 16848 1144 -251 665 1714 -84.00 283.41 -141.00 333 
280 14780 -52 -415 9 1236 -88.00 283.41 -141.00 333 
364 14160 24 -468 533 674 -91.00 282.07 -141.00 333 
-824 13972 704 -740 746 146 -94.00 285.42 -143.00 333 
-1020 14840 636 -619 1259 570 -94.00 283.41 -143.00 333 
-1036 14876 1244 -315 1523 1456 -99.00 286.09 -144.00 333 
-936 14992 1848 -270 1731 1360 -106.00 285.42 -146.00 332 
-1840 16888 3700 -801 859 1289 -110.00 284.75 -147.00 332 
-3880 17068 4560 -1068 -270 2341 -108.00 284.08 -150.00 332 
-2148 17796 2036 -1445 -1404 3626 -108.00 285.42 -151.00 332 
-1672 15896 -224 -1490 -786 2970 -114.00 283.41 -152.00 331 
-1296 14932 -108 -2519 238 -471 -114.00 288.10 -154.00 331 
-3328 15500 324 -3392 1860 -2605 -115.00 286.09 -151.00 332 
-6288 19820 3436 -4831 3558 -1935 -123.00 285.42 -155.00 331 
-1872 20232 2340 -4624 1613 3290 -126.00 284.75 -157.00 331 
-2972 15520 1104 -3618 964 2447 -130.00 282.74 -161.00 330 
-4700 14492 -804 325 4323 74 -126.00 281.40 -159.00 330 
-3888 18744 -212 -1626 8484 -2019 -135.00 282.74 -163.00 330 
-4604 28876 10372 -5646 5464 -4273 -140.00 280.06 -167.00 329 
-2444 29340 7668 -10228 -1495 -3591 -144.00 277.38 -171.00 328 
-3560 24752 9156 -9022 -7862 -1684 -151.00 277.38 -172.00 328 
-5084 14552 1928 -3031 -11643 1203 -152.00 279.39 -172.00 328 
-2852 8152 -8860 449 -4391 -3563 -155.00 286.76 -163.00 330 
-2184 14724 -2944 1360 -7 -10086 -161.00 287.43 -158.00 331 
-3540 21816 -1504 -72 -2923 -9008 -177.00 288.10 -158.00 331 
-4540 15992 -3112 -3938 -6993 -6754 -198.00 286.76 -156.00 331 
-5312 4520 -6088 20 -9985 -6523 -212.00 289.44 -151.00 332 
-4764 2328 -1768 7846 -8830 -12140 -221.00 291.45 -145.00 333 
-8624 29700 9496 10755 -14417 -14509 -240.00 293.46 -140.00 334 
-4308 32767 -3576 10453 -17270 3584 -269.00 291.45 -122.00 337 
-984 15048 -12752 4626 -11406 5398 -284.00 296.81 -107.00 340 
5348 17796 -14104 -3998 692 4941 -288.00 305.52 -90.00 343 
-1256 12244 -544 -4466 7823 3013 -291.00 308.87 -90.00 343 
-12308 29104 6988 -8362 8576 4793 -291.00 312.89 -100.00 342 
-5916 19436 16416 -6945 -648 12622 -295.00 315.57 -113.00 340 
3952 2480 6608 -7028 -6184 8658 -292.00 320.26 -122.00 339 
6140 -6604 6364 -6482 -8988 5350 -283.00 331.65 -124.00 339 
8980 -6796 2564 -719 -11500 -5492 -280.00 339.02 -121.00 340 
8824 22360 3372 -1282 -2139 -8072 -291.00 343.71 -110.00 342 
7968 31308 3440 -5615 8739 -5002 -312.00 347.06 -106.00 343 
12940 17508 5736 -7304 15885 -2609 -326.00 344.38 -114.00 341 
10552 11088 11468 -5190 14936 -2410 -335.00 340.36 -134.00 338 
2580 13708 13568 -2564 7591 -6441 -346.00 336.34 -154.00 335 
-3476 24392 12500 236 1707 -4731 -356.00 333.66 -165.00 333 
-1652 18048 8064 1630 -1521 -5266 -370.00 330.31 -170.00 332 
-812 17832 2328 4548 -3966 -2013 -389.00 325.62 -167.00 332 
4960 14368 -7392 10210 1453 1346 -407.00 325.62 -164.00 333 
6428 25680 -12936 14423 10650 9394 -423.00 326.29 -158.00 334 
3648 32767 -11972 12396 15404 16907 -427.00 326.29 -153.00 334 
-4700 18648 -7356 -4589 12430 4973 -426.00 333.66 -158.00 334 
-8552 12512 -4020 -12840 11298 -4571 -426.00 335.67 -172.00 332 
-10012 3344 4904 -8059 2596 -6105 -435.00 330.31 -193.00 329 
-4312 -5224 -456 -3319 -1016 -7042 -445.00 318.92 -208.00 326 
-3032 -7688 -9536 3490 -5437 -12676 -459.00 310.88 -216.00 325 
-3640 1196 -8700 7364 -4071 -20368 -483.00 304.85 -211.00 325 
-10804 32767 -1404 8109 -4248 -17628 -515.00 288.10 -202.00 324 
-8436 32767 -3380 3898 -3861 4940 -549.00 265.99 -196.00 323 
1280 12168 -3544 -5630 1520 3234 -567.00 261.97 -189.00 324 
3932 2528 2328 -3093 257 1227 -568.00 265.32 -194.00 323 
-412 7848 9532 -3 -13318 -3372 -573.00 260.63 -207.00 321 
-284 9324 13516 6878 -26140 -194 -581.00 257.28 -202.00 321 
2096 9272 22504 13083 -32768 2003 -592.00 262.64 -188.00 324 
2836 9864 -17588 5131 -32768 -3872 -601.00 274.70 -145.00 332 
20636 10360 -32768 10673 8855 414 -617.00 278.72 -95.00 341 
4804 1560 4604 6168 13654 -5840 -4096.00 273.36 -84.00 342 
144 56 2916 -835 14061 -12829 -4096.00 265.32 -91.00 341 
896 10284 3672 -2074 20807 -19183 -4096.00 246.56 -104.00 337 
-4736 31756 18720 -1636 11310 -16426 -4096.00 217.75 -121.00 330 
-168 32767 6708 -57 9600 6822 -4096.00 185.59 -137.00 323 
4472 20996 -3332 -943 11352 10912 -4096.00 179.56 -146.00 320 
8744 13972 -4204 -594 9973 1805 -4096.00 182.91 -159.00 319 
3952 23060 -592 -2408 9531 -10336 -4096.00 180.90 -170.00 316 
-2408 25896 11632 -329 3889 -3577 -4096.00 163.48 -175.00 313 
-4336 13832 3492 5519 -111 4335 -4096.00 146.06 -185.00 308 
-3332 12296 -1848 9438 -2888 5700 -4096.00 144.05 -186.00 307 
-3272 15140 -3444 8943 -4254 4253 -4096.00 150.08 -176.00 310 
-1376 21188 272 3569 -5905 6018 -4096.00 150.08 -162.00 312 
3440 18008 -3344 -4217 -9681 3491 -4096.00 156.11 -155.00 315 
3052 11712 -7880 -10405 -6059 -10968 -4096.00 160.13 -153.00 316 
1840 13768 5808 -12943 -6715 -16923 -4096.00 151.42 -163.00 312 
1176 23416 -1984 -7331 -9067 -4489 -4096.00 129.98 -177.00 306 
-1956 26796 -6000 4617 -3633 16846 -4096.00 116.58 -191.00 301 
1868 21888 -9668 10947 -224 20552 -4096.00 130.65 -191.00 304 
5748 10940 -11996 7901 12310 8682 -4096.00 154.77 -177.00 311 
4944 16960 -312 5810 12453 -3611 -4096.00 164.15 -171.00 313 
8632 19776 432 4747 8165 -2895 -4096.00 156.78 -169.00 312 
10128 22592 904 890 4410 -3384 -4096.00 144.72 -168.00 310 
9548 31572 472 -2479 3062 -220 -4096.00 136.68 -167.00 309 
7472 25948 1232 -3921 1276 5417 -4096.00 132.66 -168.00 308 
6432 12548 4428 -5952 -2119 202 -4096.00 136.01 -170.00 308 
3484 11248 6188 -3631 -9718 -7069 -4096.00 138.02 -176.00 308 
-60 22564 -4840 -3461 -13911 -4374 -4096.00 133.33 -175.00 307 
-352 22960 -12100 -1543 -8022 5609 -4096.00 129.98 -170.00 307 
-596 16032 -9852 -1642 3848 13161 -4096.00 135.34 -166.00 309 
520 5956 5244 -2302 3072 9825 -4096.00 149.41 -168.00 311 
1664 4404 3548 -1566 -1895 109 -4096.00 160.80 -170.00 313 
3716 17292 -3188 -1503 -1319 -2638 -4096.00 165.49 -170.00 314 
2516 24364 -3808 -1786 4253 4110 -4096.00 162.14 -168.00 313 
2132 14344 -1256 -1067 8986 9862 -612.00 161.47 -169.00 313 
3748 10232 -444 -213 11430 9521 -611.00 168.17 -174.00 314 
148 11120 9600 1883 6311 8852 -604.00 176.88 -179.00 314 
-400 11264 7008 2791 -759 5689 -598.00 183.58 -180.00 315 
2056 14868 4888 4294 -5761 2798 -592.00 188.94 -178.00 316 
3140 17856 -2740 4499 -5939 4270 -593.00 192.96 -170.00 318 
5452 17300 -8068 6345 -360 7868 -591.00 198.32 -160.00 321 
3356 18784 -3996 5680 3834 7380 -587.00 206.36 -149.00 324 
2804 19128 -464 3320 3972 7559 -586.00 211.05 -145.00 325 
3092 13368 -1180 953 1732 5483 -581.00 218.42 -139.00 327 
3688 12632 -1776 -1108 2524 1838 -577.00 225.79 -138.00 328 
3100 14176 900 -2817 2303 -743 -573.00 227.80 -139.00 328 
1472 15724 2752 -3841 1399 -1617 -573.00 225.12 -144.00 327 
1836 15448 2068 -3812 47 -375 -572.00 221.77 -147.00 326 
3224 14504 268 -4177 -732 105 -572.00 221.77 -150.00 325 
3756 14168 -1096 -3141 -617 1039 -572.00 221.77 -153.00 325 
3432 13380 -632 -2704 478 198 -564.00 221.10 -156.00 324 
2780 14712 1424 -2956 1132 -401 -566.00 221.10 -158.00 324 
2880 14820 1528 -3354 531 -1347 -565.00 222.44 -162.00 323 
3428 17092 1016 -3095 190 -1725 -565.00 218.42 -163.00 323 
3600 18780 276 -1335 -61 1028 -568.00 215.07 -166.00 322 
3556 16516 -368 591 359 3463 -563.00 215.74 -170.00 321 
2904 14328 -220 327 1371 2447 -562.00 217.75 -166.00 322 
3104 15544 1120 -65 1547 805 -563.00 220.43 -169.00 322 
3368 16928 -620 -63 1904 -291 -559.00 221.10 -168.00 322 
2852 16848 52 209 2700 200 -561.00 220.43 -170.00 322 
2176 15716 1232 -686 2611 133 -561.00 219.09 -169.00 322 
1856 15232 1792 -1878 1113 200 -561.00 217.08 -172.00 321 
2204 15296 180 -2009 1401 698 -562.00 217.75 -175.00 321 
2180 15196 164 -1375 1739 490 -559.00 217.08 -177.00 320 
2324 15484 268 -490 2551 74 -556.00 217.08 -180.00 320 
2004 15560 1448 390 3246 361 -558.00 217.08 -183.00 319 
1964 14660 1048 1273 2905 638 -557.00 215.74 -186.00 319 
1980 15476 576 2189 2922 411 -557.00 215.07 -183.00 319 
2068 15584 328 2602 2478 211 -561.00 213.73 -183.00 319 
2176 16052 -200 2987 2968 55 -563.00 213.06 -184.00 319 
1996 15712 -424 2661 3969 -167 -564.00 211.72 -179.00 319 
2132 16228 148 1783 5053 -553 -565.00 211.05 -179.00 319 
1964 16272 1032 1130 4550 -860 -569.00 208.37 -179.00 319 
2028 16904 620 959 4127 -120 -570.00 203.01 -182.00 318 
2208 15052 168 928 4416 -563 -569.00 201.67 -182.00 317 
1988 16040 620 1137 4885 -1282 -568.00 199.66 -183.00 317 
1856 16776 396 1498 5116 -849 -572.00 194.97 -187.00 316 
2064 16412 -516 1453 5207 -547 -573.00 190.95 -188.00 315 
1976 15888 -692 1205 5916 -509 -576.00 190.28 -190.00 315 
1372 15740 -456 970 6443 -746 -576.00 184.92 -192.00 313 
1156 15528 212 586 6623 -865 -578.00 182.24 -193.00 313 
1280 16332 -300 -67 6654 -1114 -580.00 177.55 -193.00 312 
1360 16052 -620 -828 7072 -1112 -576.00 172.86 -201.00 310 
1496 15796 -1196 -1099 7447 -1098 -579.00 169.51 -202.00 310 
1556 15776 -940 -1094 8030 -792 -581.00 160.80 -207.00 307 
1436 16092 -720 -1267 8351 -680 -581.00 156.78 -214.00 306 
1252 16000 -780 -1214 8516 -270 -580.00 150.75 -218.00 304 
856 14824 -552 -1639 8613 -876 -576.00 146.06 -220.00 303 
904 15528 -1040 -1858 8966 -1071 -578.00 142.04 -227.00 302 
692 14972 -1352 -1474 9533 -760 -577.00 134.67 -234.00 299 
760 15552 -1908 -1285 10537 -871 -577.00 127.30 -236.00 298 
1068 16480 -1616 -1303 11433 -493 -574.00 118.59 -242.00 296 
1116 16472 -1344 -1321 12208 353 -576.00 112.56 -247.00 294 
1044 16048 -1060 -1292 12503 723 -575.00 103.18 -254.00 292 
1036 15300 -952 -1210 12497 610 -574.00 95.81 -257.00 290 
1288 15124 -1028 -1025 12701 209 -572.00 87.77 -262.00 288 
1072 15556 -1232 -979 13339 139 -572.00 79.06 -265.00 286 
1084 16020 -1624 -693 13857 507 -574.00 69.01 -268.00 284 
1356 15592 -2160 -449 14660 508 -572.00 58.29 -270.00 282 
1148 15536 -1504 -517 15004 221 -574.00 49.58 -272.00 280 
1328 15700 -1228 -379 14770 501 -570.00 39.53 -277.00 278 
1408 15312 -1600 -122 14800 386 -570.00 28.14 -277.00 275 
1532 15284 -1584 -387 15328 -261 -571.00 16.08 -278.00 273 
1964 15680 -1852 -618 15988 -465 -569.00 6.03 -278.00 271 
2188 15248 -1772 -377 16387 -508 -571.00 -8.04 -278.00 268 
2224 15616 -2348 -204 16935 -635 -573.00 -21.44 -276.00 265 
2608 15816 -2064 223 17678 -112 -576.00 -34.84 -276.00 262 
2832 16220 -1324 -56 17649 -131 -575.00 -48.24 -274.00 260 
3256 17484 -488 -18 17347 514 -576.00 -61.64 -271.00 257 
3892 17104 -616 394 17065 870 -580.00 -73.03 -266.00 254 
3868 15796 -796 533 16901 -374 -582.00 -87.77 -264.00 251 
3312 16620 -136 393 16587 -445 -586.00 -98.49 -258.00 249 
2780 15744 28 -232 16172 -214 -585.00 -111.22 -251.00 246 
2408 15872 -272 -1717 16427 -969 -588.00 -120.60 -246.00 243 
2224 15444 -864 -2247 16995 -757 -588.00 -136.01 -240.00 240 
1496 14648 -156 -1782 17408 169 -589.00 -145.39 -238.00 238 
1516 14952 988 -637 17397 1353 -587.00 -160.80 -233.00 235 
2012 15820 856 327 16891 1981 -591.00 -167.50 -223.00 233 
2116 16388 1200 1194 16753 1506 -596.00 -175.54 -218.00 231 
2100 17152 920 1907 16511 1192 -602.00 -187.60 -207.00 227 
1844 16012 1476 2436 15932 517 -602.00 -192.96 -197.00 225 
1276 15600 1248 2525 15163 -468 -611.00 -201.67 -188.00 222 
860 15796 744 2042 14479 -1340 -613.00 -209.04 -174.00 219 
164 15456 1196 1530 14362 -1469 -616.00 -220.43 -164.00 216 
-56 15048 700 1022 14207 -1409 -4096.00 -228.47 -155.00 214 
-516 15868 1280 -195 14301 -2136 -4096.00 -235.17 -145.00 211 
1040 16988 1092 -542 14044 -1091 -4096.00 -243.21 -134.00 208 
1428 16016 56 40 14056 464 -4096.00 -251.92 -126.00 206 
1600 14584 -292 185 14189 124 -4096.00 -256.61 -116.00 204 
1484 14332 -672 -78 14334 -837 -4096.00 -264.65 -108.00 202 
912 15136 -436 -281 14829 -1185 -4096.00 -270.68 -96.00 199 
1360 16324 -832 -433 14904 -582 -4096.00 -274.03 -88.00 197 
2892 17416 -920 -871 14962 -181 -4096.00 -282.74 -76.00 195 
3340 18644 -1236 -1147 15038 409 -4096.00 -285.42 -67.00 193 
2300 17096 -568 -1562 14648 -129 -4096.00 -288.77 -58.00 191 
1988 15328 -640 -1716 13752 -348 -4096.00 -294.13 -46.00 188 
2448 15260 -1860 -1550 13150 -560 -4096.00 -295.47 -42.00 188 
2984 16716 -2692 -1175 13215 -425 -4096.00 -298.82 -31.00 185 
3240 16756 -3020 -521 13597 -198 -4096.00 -303.51 -23.00 184 
3208 16084 -3040 -344 14195 -411 -4096.00 -306.19 -14.00 182 
2856 14964 -2436 -1099 15012 -919 -4096.00 -305.52 -1.00 180 
3212 16304 -2060 -2097 14456 -1512 -4096.00 -306.86 6.00 178 
3400 17804 -2904 -2122 14178 -403 -4096.00 -313.56 16.00 177 
3208 16556 -2120 -1674 14175 892 -4096.00 -312.22 26.00 175 
3136 15364 -2580 -1812 14320 642 -4096.00 -311.55 35.00 173 
3728 14176 -5508 -423 15914 506 -4096.00 -310.21 44.00 171 
2876 13516 -2052 -899 16767 -1395 -4096.00 -308.20 53.00 170 
2568 17084 -1852 -54 15673 -1709 -4096.00 -308.20 69.00 167 
1924 15420 -496 -492 13777 470 -4096.00 -308.87 79.00 165 
2184 14908 -2504 -633 12510 1102 -4096.00 -305.52 90.00 163 
1756 15364 -2668 -1166 12492 864 -4096.00 -302.17 100.00 161 
1828 15232 -1884 -1125 12465 1594 -4096.00 -297.48 108.00 160 
1768 13748 -1608 -641 12442 1634 -4096.00 -294.13 117.00 158 
1692 13464 -1080 -699 11018 -229 -4096.00 -289.44 124.00 156 
1832 16196 -960 -825 9342 -614 -4096.00 -287.43 133.00 155 
-832 14652 -4628 -14 7951 -1504 -4096.00 -282.74 139.00 153 
1484 18496 -1512 261 8017 166 -4096.00 -282.74 144.00 153 
976 17640 -2808 1661 6763 3566 -4096.00 -280.06 152.00 151 
600 12864 -4900 1741 8160 2228 -4096.00 -274.70 160.00 149 
652 13256 -5620 159 11161 -2580 -4096.00 -265.99 166.00 148 
-968 15708 1160 -1287 10455 -4041 -4096.00 -262.64 174.00 146 
-1832 17680 -128 -511 8213 -1534 -4096.00 -261.97 179.00 145 
-2212 16708 156 105 7161 1890 -4096.00 -261.30 184.00 144 
-1488 20760 3540 692 3909 4163 -4096.00 -257.28 192.00 143 
-1612 20148 -336 957 2516 9310 -4096.00 -250.58 196.00 141 
-972 14608 -992 918 1768 9220 -4096.00 -241.20 197.00 140 
112 14332 -1860 32 2470 5642 -4096.00 -225.12 201.00 138 
-556 14324 -8 -775 2268 3800 -4096.00 -216.41 202.00 136 
-812 15032 -764 -1533 1727 2302 -4096.00 -209.71 205.00 135 
-396 16532 -188 -2376 1658 1018 -4096.00 -204.35 202.00 135 
-1096 16244 1324 -2363 697 1298 -4096.00 -202.34 201.00 135 
-1404 14856 428 -1757 -717 1173 -4096.00 -198.99 196.00 135 
-1540 15048 -52 -1312 -1116 1159 -4096.00 -200.33 195.00 135 
-648 15032 -1456 -636 -1326 629 -4096.00 -198.99 197.00 135 
-556 15668 -2236 -109 -333 572 -4096.00 -197.65 194.00 135 
-528 16420 -1404 71 295 736 -4096.00 -197.65 194.00 135 
-416 17116 -584 99 869 1499 -4096.00 -197.65 195.00 135 
-112 15648 -292 -161 17 1519 -4096.00 -196.31 198.00 134 
-84 14924 -824 -455 -415 957 -4096.00 -192.96 196.00 134 
-140 14968 -176 -576 -118 211 -4096.00 -194.97 195.00 134 
-468 16672 180 -162 -9 586 -4096.00 -193.63 199.00 134 
-552 16088 296 70 -179 1466 -4096.00 -195.64 197.00 134 
-548 15484 -124 371 -560 1889 -4096.00 -192.29 197.00 134 
-348 15780 -744 384 -692 2010 -4096.00 -190.28 199.00 133 
-872 15184 -100 142 -859 2137 -4096.00 -191.62 201.00 133 
-1048 15124 -44 66 -1067 2006 -4096.00 -188.94 202.00 133 
-1328 14348 -64 463 -859 1926 -4096.00 -186.93 203.00 132 
-1168 14268 -268 65 -599 1291 -4096.00 -186.26 202.00 132 
-1192 15244 -444 -351 -539 1158 -4096.00 -185.59 204.00 132 
-1372 15772 -224 -901 -816 1818 -4096.00 -184.92 203.00 132 
-2336 14504 -244 -884 -1362 2800 -4096.00 -186.26 202.00 132 
-2516 13340 -696 -105 -1339 2761 -4096.00 -181.57 204.00 131 
-2344 14760 -1512 308 -235 2638 -4096.00 -183.58 200.00 132 
-1872 14672 -584 201 198 2869 -4096.00 -179.56 205.00 131 
-408 13432 384 -669 -312 1871 -4096.00 -177.55 204.00 131 
-1208 11504 792 -1251 -1784 -775 -4096.00 -175.54 205.00 130 
-3008 11572 1592 349 -3243 -1818 -4096.00 -176.21 204.00 130 
-3624 10900 -1336 3055 -4312 -336 -4096.00 -181.57 207.00 131 
-3724 12944 -2700 3269 -2346 -109 -4096.00 -186.93 208.00 131 
-6568 16928 -1228 295 -410 -1378 -4096.00 -190.28 214.00 131 
-9392 19576 -568 -1887 2507 -952 -4096.00 -195.64 215.00 132 
-11708 18880 2700 -2753 4006 -1469 -4096.00 -199.66 215.00 132 
-15084 19408 2608 -2393 2505 -2347 -4096.00 -201.67 216.00 133 
-13804 21280 -996 1790 1062 -1498 -4096.00 -205.02 215.00 133 
-10616 32767 -3956 5847 4073 927 -4096.00 -211.05 218.00 134 
-9588 32124 7400 5119 758 5646 -4096.00 -213.73 225.00 133 
-7184 22788 3708 5191 -7329 7139 -4096.00 -212.39 235.00 132 
-7800 13396 -3180 7415 -11380 1756 -4096.00 -212.39 236.00 131 
-5492 21064 -14660 4698 -6482 -1944 -4096.00 -220.43 236.00 133 
-3672 28452 -11692 -1977 1810 -1947 -4096.00 -232.49 239.00 134 
-3468 17512 -7872 -10348 3546 -4170 -4096.00 -243.88 236.00 135 
-6128 5492 4396 -7992 -6747 -8198 -4096.00 -249.91 223.00 138 
-4424 3556 -7756 1650 -12916 -10400 -4096.00 -268.00 206.00 142 
-2980 23940 -4404 2801 -13539 -15125 -4096.00 -292.79 195.00 146 
-2368 32767 -7984 -900 -9504 -2193 -4096.00 -320.93 188.00 149 
4304 16172 -14808 -4389 -2201 2357 -4096.00 -342.37 172.00 153 
4672 9364 -10484 -3805 1411 -2191 -4096.00 -345.72 160.00 155 
-2144 10668 -3616 -1948 343 -2061 -4096.00 -350.41 153.00 156 
-7884 23776 5764 -3704 -4511 -1571 -4096.00 -356.44 146.00 157 
-6696 28904 4100 -3927 -4332 4584 -4096.00 -363.14 137.00 159 
1532 15708 8692 -4444 -2120 11421 -4096.00 -365.15 122.00 161 
5448 4188 3840 -739 1196 10792 -4096.00 -358.45 111.00 162 
5452 -3164 3780 -1296 3937 3640 -4096.00 -348.40 104.00 163 
5336 14712 13500 -3843 1072 -657 -4096.00 -344.38 104.00 163 
5756 24864 11168 -8033 -2782 -297 -618.00 -345.72 102.00 163 
11864 22000 -9076 -4711 8605 1214 -607.00 -347.06 92.00 165 
9156 18996 -2976 -3423 29349 -3234 -600.00 -349.74 82.00 166 
-2296 10792 31864 -15048 26443 -11227 -587.00 -349.74 100.00 164 
-6396 20812 26500 -11150 -3457 -8951 -573.00 -350.41 112.00 162 
-44 22796 -1072 16 -11534 -2910 -552.00 -361.80 102.00 164 
5648 21208 -10516 3437 -2666 2937 -532.00 -370.51 92.00 166 
3508 9056 -4676 3456 8625 114 -525.00 -371.85 91.00 166 
-6584 8480 3292 2029 9878 -5105 -513.00 -368.50 97.00 165 
-7172 29836 3936 5169 5219 1191 -499.00 -367.16 110.00 163 
1776 19496 -5704 6009 7823 15035 -484.00 -366.49 119.00 162 
1852 -2136 -17968 2852 15186 7587 -483.00 -352.42 129.00 159 
-5016 11340 -1388 -7951 20654 -3015 -486.00 -337.01 143.00 157 
-2784 17336 10504 -15159 2640 -5493 -478.00 -327.63 156.00 154 
-6984 13336 -1244 -14803 -9812 -8622 -469.00 -326.29 151.00 155 
-6080 10280 -21688 -5915 -3558 -5572 -454.00 -331.65 134.00 158 
-4256 7396 -12244 3420 10371 -43 -440.00 -336.34 122.00 160 
-2816 22040 6044 5233 10328 317 -427.00 -334.33 125.00 159 
1812 29028 196 -448 5166 -7379 -414.00 -327.63 139.00 157 
6604 26572 2572 -6808 6138 -13772 -398.00 -325.62 150.00 155 
4712 23368 10788 -6560 -4239 -3942 -378.00 -330.31 149.00 155 
864 21548 2700 -4950 -13978 7796 -360.00 -331.65 143.00 156 
516 4408 10504 -624 -25881 8896 -356.00 -328.30 132.00 158 
6088 5232 -13560 7244 -17635 5473 -358.00 -325.62 110.00 161 
8480 -2852 -19972 8519 13860 -4211 -359.00 -323.61 95.00 163 
5024 -1440 -5720 6798 32767 -16310 -343.00 -322.94 106.00 161 
-6560 15884 31896 5666 22306 -11178 -325.00 -317.58 132.00 157 
1320 20684 28128 2953 -10828 111 -299.00 -312.89 158.00 153 
9056 1532 -1364 4482 -12246 -3141 -283.00 -310.88 157.00 153 
3164 7472 -22624 4916 17542 -15389 -273.00 -316.24 149.00 154 
-5404 23800 19240 -2524 32767 -15534 -255.00 -317.58 159.00 153 
2624 32767 29820 -2119 10241 -3702 -232.00 -306.86 180.00 149 
11356 23060 7140 -5851 -2614 296 -218.00 -300.83 196.00 146 
14620 32767 -14192 -3840 -2437 10427 -213.00 -298.82 192.00 147 
3484 23392 -20440 402 9847 19572 -221.00 -297.48 194.00 146 
-7056 3388 -9056 -4616 23685 6207 -231.00 -288.77 193.00 146 
-6016 8516 14680 -9057 21895 -10043 -243.00 -274.70 205.00 143 
-1336 32767 5732 -2342 9768 -2588 -237.00 -263.31 218.00 140 
1020 16912 -5652 934 -6064 4422 -229.00 -256.61 229.00 138 
-5420 -2572 -1060 775 -8416 -7829 -226.00 -258.62 227.00 138 
-7824 -3900 6492 4165 -8376 -32227 -218.00 -265.99 225.00 139 
-4036 32767 1064 8383 -17402 -23559 -191.00 -278.05 224.00 141 
10112 32767 -2504 3773 -21860 16795 -146.00 -294.80 217.00 143 
6060 13224 -10680 5791 -21835 24119 -133.00 -306.19 205.00 146 
8132 -708 -26120 12613 -9541 4596 -146.00 -310.21 193.00 148 
12728 22568 -21448 7730 14229 -12611 -137.00 -314.90 182.00 149 
4844 32767 22896 6671 761 1998 -114.00 -312.89 185.00 149 
-1412 24328 6948 2734 -9919 12471 -101.00 -308.20 194.00 147 
-60 11664 7644 3577 -11563 15340 -96.00 -308.20 185.00 149 
8716 10812 1160 6812 -12104 12561 -102.00 -308.20 177.00 150 
11516 11388 -3056 6818 -9900 8283 -103.00 -309.54 166.00 151 
9116 13996 -6624 5371 -6847 2555 -106.00 -312.22 160.00 152 
3772 17764 -3748 3412 -2808 411 -100.00 -312.22 154.00 153 
1500 19612 580 341 474 3945 -94.00 -312.22 150.00 154 
784 23396 3216 -4179 -1711 7999 -90.00 -308.20 147.00 154 
3064 15340 6308 -9117 -4079 11120 -97.00 -308.20 144.00 154 
4500 8284 1900 -6224 -10013 10146 -104.00 -305.52 144.00 154 
5152 6368 -6196 -4136 -5537 5901 -116.00 -306.19 135.00 156 
3388 9488 -5412 -1731 1559 4022 -123.00 -307.53 129.00 157 
2584 14604 3012 -247 5320 6516 -123.00 -306.19 131.00 156 
1696 12024 884 -1124 2995 4317 -130.00 -302.17 132.00 156 
2664 12852 396 -937 3365 890 -132.00 -301.50 135.00 155 
4860 15660 -1668 1229 2437 1124 -130.00 -300.83 141.00 154 
1788 17624 -2476 1208 4618 -14 -129.00 -299.49 139.00 155 
1256 20560 192 -2345 7946 -272 -130.00 -296.81 142.00 154 
2080 19660 3036 -4688 5913 1183 -125.00 -296.81 147.00 153 
3648 16388 1352 -4536 1524 1233 -127.00 -292.79 153.00 152 
4140 16612 -2840 -4232 620 -1627 -126.00 -292.12 153.00 152 
4432 18224 2032 -1765 -23 -157 -129.00 -290.78 152.00 152 
2260 17228 676 -518 365 1534 -126.00 -291.45 151.00 152 
640 15464 3860 -2080 -1258 -758 -128.00 -289.44 152.00 152 
1552 15920 2292 -4205 -2444 -1545 -128.00 -290.78 152.00 152 
1860 13708 616 -3872 -3339 -1191 -126.00 -292.12 150.00 152 
1436 16400 760 -3192 -4120 -425 -129.00 -293.46 146.00 153 
-1512 12144 1568 -1479 -3678 1179 -125.00 -291.45 147.00 153 
-960 13612 1860 -1488 -2022 106 -128.00 -293.46 142.00 154 
-164 17984 3616 -395 -3606 3783 -126.00 -293.46 138.00 154 
724 15596 132 217 -3471 6076 -128.00 -294.80 137.00 155 
2176 13336 -384 373 -3163 3988 -133.00 -295.47 138.00 154 
2248 15976 -1032 596 -1533 2629 -137.00 -294.13 135.00 155 
1680 14864 280 71 -358 2270 -138.00 -295.47 134.00 155 
1592 14368 -296 -400 457 1205 -137.00 -294.80 133.00 155 
1508 14736 -344 -1091 1042 549 -139.00 -295.47 133.00 155 
1288 15704 964 259 -82 2475 -136.00 -294.80 133.00 155 
1040 14536 1036 515 -841 2128 -139.00 -292.79 133.00 155 
1356 15940 -32 -362 -349 596 -144.00 -293.46 132.00 155 
2212 16476 -576 -1270 432 -671 -138.00 -292.79 128.00 156 
2360 16292 -256 -1164 554 -667 -139.00 -293.46 136.00 155 
2272 17448 732 -197 -677 1073 -138.00 -294.13 134.00 155 
1596 15236 1036 655 -1739 2096 -137.00 -293.46 133.00 155 
1564 15232 656 794 -1555 1018 -141.00 -292.79 131.00 155 
1636 15896 132 1379 -2323 916 -140.00 -294.13 133.00 155 
1940 16236 -1820 759 -1852 321 -138.00 -294.13 129.00 156 
1220 16740 -120 200 -1779 1172 -138.00 -295.47 129.00 156 
1156 13900 -848 -105 -1587 613 -139.00 -298.15 126.00 157 
1420 15768 -288 148 -981 -324 -138.00 -296.14 129.00 156 
1348 16780 64 321 -1270 618 -139.00 -296.81 125.00 157 
1376 17380 -496 -57 -1395 966 -135.00 -295.47 128.00 156 
1656 16972 -1052 -334 -940 781 -136.00 -296.14 125.00 157 
2136 16684 -1132 -828 -222 -197 -135.00 -298.82 125.00 157 
2128 16768 -856 -1322 319 66 -137.00 -297.48 123.00 157 
1968 16068 716 -1637 4 -289 -138.00 -300.16 125.00 157 
2000 15984 312 -1716 -819 -299 -134.00 -297.48 123.00 157 
1976 15076 -544 -1958 -915 -464 -132.00 -298.82 125.00 157 
1884 14928 -456 -1053 -576 -618 -136.00 -296.81 123.00 157 
1916 15672 224 127 -393 -67 -133.00 -297.48 121.00 157 
1776 14196 -4 1207 -516 550 -133.00 -299.49 122.00 157 
2008 14608 -356 2075 -631 395 -132.00 -300.16 121.00 158 
1800 15640 -188 2248 -923 669 -131.00 -296.81 123.00 157 
1372 16172 -52 2153 -1224 1154 -130.00 -298.15 123.00 157 
1532 15208 -928 1876 -949 973 -129.00 -300.16 122.00 157 
1664 15940 -580 1530 -726 308 -129.00 -300.16 119.00 158 
1860 16420 -1004 1588 -527 831 -131.00 -299.49 122.00 157 
1664 16140 -788 1333 -60 1036 -129.00 -299.49 121.00 158 
1372 15588 -444 662 231 600 -127.00 -298.82 121.00 157 
1388 16200 -332 195 -12 247 -129.00 -300.16 120.00 158 
1816 16472 -908 529 -43 878 -128.00 -300.83 120.00 158 
1808 16644 -236 284 371 1222 -126.00 -300.83 119.00 158 
1936 16052 -496 164 -201 1262 -126.00 -299.49 121.00 158 
1892 16000 -704 -648 -133 132 -126.00 -300.83 119.00 158 
1588 16192 -564 -654 -103 319 -128.00 -298.82 122.00 157 
1540 15388 -1064 -613 210 236 -128.00 -300.83 122.00 157 
1200 15920 -756 -696 152 15 -128.00 -300.16 121.00 158 
1644 15664 -2132 -297 391 458 -131.00 -299.49 120.00 158 
2000 14920 -2640 240 1060 307 -127.00 -299.49 123.00 157 
1892 16176 -644 -223 1153 -571 -128.00 -300.16 119.00 158 
1656 17084 -36 -974 883 -681 -125.00 -302.17 124.00 157 
1172 17260 196 -1339 154 -334 -125.00 -298.82 123.00 157 
1628 15256 -1988 -1346 641 -89 -125.00 -300.16 125.00 157 
1348 15880 -716 -917 1106 188 -126.00 -300.16 126.00 157 
1052 15244 320 -651 464 376 -124.00 -299.49 126.00 157 
1168 15220 108 -905 115 -466 -126.00 -300.16 127.00 157 
1144 16200 288 -874 -288 -152 -124.00 -297.48 126.00 157 
1540 15316 -428 -827 -590 49 -124.00 -298.82 127.00 156 
1692 16256 -896 -904 -138 -308 -122.00 -298.82 124.00 157 
1604 15960 -876 -879 106 43 -122.00 -300.16 126.00 157 
1636 16412 -340 -1089 336 -18 -125.00 -298.15 125.00 157 
1548 15752 -256 -1557 44 -37 -122.00 -300.83 125.00 157 
1396 15884 -68 -1736 -140 44 -125.00 -298.15 126.00 157 
1576 15852 -544 -1605 -265 211 -126.00 -298.15 125.00 157 
1440 16332 -132 -1492 -159 398 -123.00 -300.16 125.00 157 
1444 15524 -680 -1449 76 429 -127.00 -297.48 126.00 157 
1104 14900 -412 -1092 146 221 -123.00 -297.48 125.00 157 
1084 14980 -440 -491 227 265 -126.00 -296.81 123.00 157 
1152 16028 32 -340 149 475 -124.00 -295.47 124.00 157 
1384 15868 -624 -457 59 544 -125.00 -298.82 125.00 157 
1540 16376 -256 -702 99 393 -127.00 -296.81 125.00 157 
1628 16172 -596 -359 -173 829 -122.00 -298.15 125.00 157 
1576 15396 -1044 -392 148 484 -126.00 -296.14 124.00 157 
1188 15612 -520 -305 428 212 -124.00 -298.82 126.00 157 
1000 15376 -136 51 246 296 -124.00 -297.48 122.00 157 
1340 15732 -380 107 -39 385 -125.00 -298.15 125.00 157 
1036 15884 -448 213 -148 247 -122.00 -298.82 125.00 157 
1080 15668 116 179 214 694 -123.00 -296.81 125.00 157 
1428 15680 -1648 436 465 506 -120.00 -296.14 127.00 156 
1316 15764 216 643 -66 829 -127.00 -298.15 128.00 156 
1264 15664 -544 330 -29 391 -123.00 -299.49 127.00 157 
1244 16528 -504 -140 -45 90 -127.00 -298.82 127.00 156 
1452 16244 -508 -187 74 510 -122.00 -298.82 126.00 157 
1396 15964 -948 -373 130 427 -124.00 -297.48 125.00 157 
1400 16292 -364 -744 74 414 -124.00 -296.81 128.00 156 
1092 15972 -76 -701 -528 433 -124.00 -299.49 126.00 157 
852 16076 -496 -914 -489 367 -121.00 -299.49 128.00 156 
1132 15700 -740 -705 -278 425 -123.00 -299.49 125.00 157 
1020 15416 -912 -618 53 145 -126.00 -298.15 127.00 156 
1188 15276 -584 -300 89 -41 -122.00 -299.49 130.00 156 
1096 16016 -488 -197 22 80 -120.00 -298.82 127.00 156 
1192 15644 -520 -89 103 175 -120.00 -297.48 128.00 156 
1484 16216 -244 -343 63 -50 -122.00 -298.15 128.00 156 
1276 16396 -196 -600 -197 180 -123.00 -298.82 126.00 157 
1388 16272 -264 -765 -320 639 -125.00 -298.15 127.00 156 
1412 15836 -56 -437 -705 576 -123.00 -299.49 126.00 157 
1352 15456 -728 -516 -178 59 -122.00 -299.49 125.00 157 
1180 16120 -524 -516 -101 -401 -121.00 -300.83 125.00 157 
1108 16212 -648 -510 -125 -106 -124.00 -300.16 125.00 157 
1092 15612 -432 -358 92 -102 -120.00 -302.17 125.00 157 
1112 16204 -444 -371 161 -334 -121.00 -299.49 122.00 157 
1128 16336 -368 -386 369 438 -118.00 -298.82 126.00 157 
1068 15256 -508 -131 99 251 -122.00 -299.49 124.00 157 
936 15420 -476 144 -21 -427 -118.00 -298.15 124.00 157 
1196 15964 -380 -266 -228 -138 -120.00 -299.49 125.00 157 
948 16120 -900 -247 64 470 -119.00 -298.15 125.00 157 
1336 15748 -636 39 150 524 -117.00 -298.82 126.00 157 
1272 15768 -444 -745 -11 680 -119.00 -300.16 127.00 157 
1000 15832 -272 -694 135 562 -117.00 -300.16 125.00 157 
1008 16192 -120 -773 17 578 -117.00 -299.49 125.00 157 
1168 14984 572 -364 -1048 265 -117.00 -299.49 127.00 157 
1192 15500 -1492 -199 -1101 -273 -119.00 -300.16 125.00 157 
1116 16520 -600 -359 107 644 -118.00 -299.49 125.00 157 
1020 15868 -176 -511 -144 1069 -116.00 -300.83 126.00 157 
1048 15084 -632 -653 -125 493 -119.00 -300.16 124.00 157 
1128 15872 -672 -588 -55 268 -121.00 -298.82 124.00 157 
928 15824 -956 -1012 199 87 -120.00 -300.16 125.00 157 
1004 15960 488 -86 73 546 -116.00 -299.49 122.00 157 
1040 16248 -824 -68 -514 642 -118.00 -300.83 125.00 157 
1040 15680 -688 -429 -203 69 -117.00 -298.82 124.00 157 
1104 15724 -424 48 -29 -243 -119.00 -299.49 126.00 157 
1068 16604 -504 -989 -319 -195 -119.00 -299.49 124.00 157 
952 16352 -608 -735 -155 718 -115.00 -302.84 126.00 157 
996 15680 -692 -617 260 631 -116.00 -300.83 123.00 157 
940 16020 -476 -821 227 439 -119.00 -300.83 126.00 157 
1132 15760 -84 -485 -18 594 -117.00 -301.50 124.00 157 
1044 14876 -148 -670 -296 136 -119.00 -302.17 125.00 157 
1108 16412 -524 -830 146 -371 -117.00 -301.50 125.00 157 
980 16588 24 -265 426 699 -117.00 -301.50 123.00 157 
1232 15636 -796 -297 117 864 -117.00 -300.16 124.00 157 
1068 15788 -172 -452 148 -36 -121.00 -300.83 126.00 157 
1160 16476 -324 -419 -253 760 -116.00 -299.49 125.00 157 
932 15040 -180 -136 -108 838 -115.00 -301.50 126.00 157 
1132 15112 -352 -520 -499 173 -117.00 -300.16 122.00 157 
1440 15980 -1308 -912 -395 -126 -118.00 -300.16 125.00 157 
1256 16588 -992 -464 460 765 -120.00 -300.16 125.00 157 
1060 16104 -80 -556 814 1119 -121.00 -299.49 125.00 157 
964 15712 20 -1001 336 1190 -122.00 -299.49 126.00 157 
1028 15676 -168 -1393 -76 1005 -121.00 -299.49 125.00 157 
1036 15456 -808 -2197 -250 831 -121.00 -300.16 124.00 157 
1280 15756 -52 -2094 -291 707 -124.00 -300.16 124.00 157 
1096 16300 -956 -1840 420 973 -119.00 -299.49 123.00 157 
1208 15316 576 -799 741 452 -124.00 -299.49 124.00 157 
120 17352 2716 -479 150 -43 -124.00 -297.48 126.00 157 
1364 15140 -600 -416 -119 193 -124.00 -300.16 125.00 157 
1156 16164 736 9 -19 471 -123.00 -299.49 126.00 157 
1300 15496 -88 236 -352 400 -123.00 -300.16 125.00 157 
1548 16012 -616 -246 -170 -84 -123.00 -300.16 126.00 157 
1136 15896 1196 -499 -736 224 -121.00 -300.83 125.00 157 
1112 15848 -976 -169 -610 627 -120.00 -298.15 124.00 157 
1160 15356 -92 -77 -88 142 -121.00 -299.49 127.00 157 
1140 16044 100 256 -59 418 -122.00 -302.17 123.00 157 
1120 16072 -80 68 -162 556 -122.00 -300.16 124.00 157 
1272 16288 -104 -513 -318 418 -123.00 -299.49 124.00 157 
1420 16092 -652 -747 -138 311 -121.00 -298.82 124.00 157 
1176 16500 204 -931 -73 469 -122.00 -299.49 125.00 157 
1116 15892 -64 -816 -462 795 -122.00 -298.82 123.00 157 
1200 15412 -564 -768 -429 341 -120.00 -300.16 122.00 157 
1080 16052 -328 -688 -143 221 -121.00 -299.49 124.00 157 
1244 16156 -340 -772 -96 580 -123.00 -298.15 123.00 157 
1284 16004 -424 -924 -66 202 -125.00 -300.83 125.00 157 
1128 16232 -232 -775 70 299 -124.00 -300.16 124.00 157 
1344 15964 -140 -749 -129 650 -123.00 -300.16 123.00 157 
1228 15344 -496 -984 -114 198 -123.00 -300.83 122.00 157 
980 15744 324 -587 -103 188 -126.00 -300.16 121.00 158 
1040 15812 -224 -282 -360 573 -126.00 -299.49 121.00 158 
1108 15892 72 105 -275 622 -124.00 -300.16 121.00 158 
1228 15640 -528 -36 -248 270 -126.00 -300.16 121.00 158 
1224 16104 -224 -140 -256 292 -123.00 -299.49 123.00 157 
1112 15532 12 -232 -257 453 -125.00 -300.83 124.00 157 
1256 16160 -92 -42 -482 563 -119.00 -301.50 123.00 157 
1436 15760 -420 111 -422 539 -121.00 -300.83 122.00 157 
1276 15592 -488 -9 -361 189 -125.00 -300.83 124.00 157 
1120 16124 40 -114 -182 593 -121.00 -300.83 122.00 157 
1132 15560 -264 3 -357 851 -124.00 -300.83 123.00 157 
1208 15852 -484 -187 -172 197 -124.00 -300.16 121.00 158 
