1720 15932 -2108 -279 -774 -16 -64.00 231.82 -114.00 333 
1796 15664 -564 44 40 465 -68.00 234.50 -104.00 336 
1692 14732 -280 -261 -106 -307 -71.00 235.17 -107.00 335 
1668 15328 1116 -470 -376 -1255 -71.00 234.50 -104.00 336 
1728 16956 -704 -193 -1942 -421 -74.00 233.16 -104.00 335 
1748 16060 -1052 -292 -1639 671 -73.00 233.83 -102.00 336 
1528 14872 -1740 -371 -799 235 -74.00 235.17 -103.00 336 
1744 15412 -944 -358 226 -263 -73.00 235.17 -100.00 336 
1952 16536 -156 -189 186 467 -72.00 235.84 -103.00 336 
1748 16020 -908 -100 -94 673 -72.00 235.17 -102.00 336 
1652 15800 -384 -304 44 288 -71.00 235.17 -100.00 336 
1748 15880 -524 -541 -146 241 -71.00 235.17 -101.00 336 
1872 16396 -704 -671 -229 414 -75.00 233.83 -101.00 336 
1852 15988 -912 -577 173 592 -76.00 233.16 -100.00 336 
2008 16088 -328 -523 186 367 -74.00 235.84 -101.00 336 
1948 15788 -572 -530 63 401 -74.00 235.17 -100.00 336 
1568 15600 -252 -544 -124 567 -74.00 233.83 -99.00 337 
1648 15700 -656 -390 -81 716 -72.00 233.83 -102.00 336 
1872 15688 -804 -449 -429 801 -74.00 233.16 -100.00 336 
1876 15616 132 -304 -857 788 -72.00 233.16 -99.00 336 
1772 16016 -1576 -410 -545 807 -73.00 236.51 -100.00 337 
1636 15716 -832 -366 166 978 -72.00 235.17 -100.00 336 
1820 15648 -252 -543 205 667 -70.00 233.83 -101.00 336 
1944 16608 -476 -489 47 877 -73.00 235.17 -99.00 337 
1756 15244 -472 -334 -73 1028 -74.00 234.50 -100.00 336 
1872 15760 -116 -334 -249 628 -70.00 234.50 -100.00 336 
1832 16204 -200 -95 -306 1286 -71.00 235.17 -100.00 336 
1568 15020 -924 -178 -338 687 -71.00 235.17 -100.00 336 
2064 16744 -108 -188 -318 592 -71.00 234.50 -97.00 337 
1912 15568 -932 -123 -367 890 -71.00 234.50 -98.00 337 
1968 16032 -408 -393 -278 423 -68.00 235.84 -98.00 337 
1868 15856 -536 -680 -324 99 -68.00 234.50 -100.00 336 
1872 16064 -676 -557 -53 287 -70.00 235.84 -99.00 337 
2076 15724 -500 -260 -2 723 -69.00 235.17 -100.00 336 
1812 15416 -528 -501 -126 589 -69.00 235.17 -100.00 336 
2124 16120 -320 -688 -175 102 -70.00 235.17 -100.00 336 
2240 16392 -304 -677 -298 552 -69.00 236.51 -99.00 337 
1816 15164 -564 -589 -189 902 -72.00 235.17 -96.00 337 
1820 15104 -688 -352 94 451 -70.00 235.84 -97.00 337 
2012 15624 -920 -300 61 63 -69.00 235.84 -99.00 337 
2200 16452 -584 -182 54 595 -69.00 234.50 -99.00 337 
2100 15920 -708 -542 -7 653 -71.00 236.51 -99.00 337 
2052 15764 -488 -547 -55 617 -70.00 235.84 -99.00 337 
1840 15612 -484 -167 -90 537 -71.00 235.84 -100.00 337 
2112 15768 -564 -147 -130 231 -70.00 234.50 -100.00 336 
2272 16428 -720 -103 -99 273 -69.00 235.84 -97.00 337 
2252 16456 -612 -112 -171 668 -67.00 235.17 -97.00 337 
2136 15748 -904 -359 -197 678 -69.00 236.51 -100.00 337 
2108 16044 -236 -638 -285 551 -69.00 236.51 -98.00 337 
1916 15348 -632 -622 -778 653 -70.00 234.50 -99.00 337 
1840 15240 -916 -644 -586 40 -67.00 235.17 -97.00 337 
1968 16080 -1052 -519 -569 21 -70.00 235.17 -98.00 337 
1880 16048 -796 -508 -489 425 -70.00 235.84 -98.00 337 
1920 15776 -1000 -766 -430 204 -72.00 235.84 -99.00 337 
2192 16836 -536 -828 -1010 618 -70.00 235.84 -95.00 338 
1784 15436 -848 -947 -1026 742 -70.00 235.84 -97.00 337 
1556 14764 -492 -868 -1264 -37 -71.00 236.51 -96.00 337 
1420 15056 -248 -748 -1517 -635 -70.00 237.18 -95.00 338 
1432 15944 -508 -551 -1900 -564 -70.00 236.51 -95.00 338 
1244 15980 -424 -522 -2241 -401 -72.00 235.84 -92.00 338 
972 15868 128 -620 -2448 -460 -74.00 236.51 -91.00 338 
688 16500 -452 -469 -3142 378 -73.00 237.85 -90.00 339 
712 15084 -744 -515 -3474 254 -74.00 238.52 -87.00 339 
688 15324 -80 -447 -4153 23 -75.00 237.85 -87.00 339 
1072 16116 -328 -531 -4751 66 -73.00 237.85 -82.00 340 
1168 16764 -92 -954 -5340 66 -75.00 239.19 -81.00 341 
1540 17604 -536 -1371 -5854 435 -77.00 240.53 -77.00 342 
1604 17192 -264 -2242 -6315 593 -78.00 240.53 -73.00 343 
1836 16124 64 -3036 -7411 570 -80.00 241.87 -70.00 343 
2052 16216 -1180 -2340 -7780 1217 -78.00 242.54 -66.00 344 
1584 15968 -1084 -2073 -7753 1322 -77.00 243.21 -58.00 346 
1652 15372 -940 -2552 -7420 126 -77.00 243.21 -54.00 347 
1968 14760 -1076 -2526 -7560 -114 -78.00 245.22 -49.00 348 
2172 15796 -160 -1463 -7589 387 -79.00 244.55 -45.00 349 
1800 16088 -468 -930 -7750 1131 -78.00 245.89 -40.00 350 
1680 16436 -620 -776 -7344 1935 -79.00 243.88 -35.00 351 
1672 14856 -116 -728 -7126 1788 -81.00 245.22 -31.00 352 
2040 13620 -1020 -619 -7316 1166 -77.00 243.88 -27.00 353 
2464 16876 -1076 -187 -6987 1482 -79.00 246.56 -21.00 355 
2604 16428 -1088 34 -6688 2195 -79.00 246.56 -16.00 356 
2176 15328 -1108 -918 -6029 1078 -77.00 246.56 -11.00 357 
2236 15244 -168 -1113 -5654 755 -78.00 246.56 -7.00 358 
2272 15112 -472 -872 -5372 449 -78.00 243.88 -3.00 359 
2764 16148 -1712 -525 -4936 643 -78.00 243.88 -1.00 359 
2832 17016 -1752 -619 -3415 1118 -77.00 245.22 4.00 0 
2756 15328 -540 -634 -2731 1105 -78.00 244.55 6.00 1 
2312 15140 -500 -575 -2876 332 -79.00 243.88 8.00 1 
2712 16564 -592 -641 -2255 644 -80.00 243.88 9.00 2 
2768 15868 -660 -988 -1804 188 -78.00 243.88 10.00 2 
2880 16496 -380 -1249 -1082 -86 -78.00 243.88 12.00 2 
3172 16004 -832 -1538 -353 -44 -79.00 243.88 13.00 3 
3568 16576 -688 -1580 -64 164 -80.00 243.88 13.00 3 
3456 16056 -316 -2168 512 40 -80.00 244.55 13.00 3 
3416 14992 -512 -2102 913 -522 -84.00 243.88 13.00 3 
3600 14984 -564 -1584 1126 -846 -82.00 243.21 13.00 3 
2984 15896 -380 -1232 1459 -85 -82.00 243.21 10.00 2 
2380 14828 292 -723 1601 -148 -83.00 242.54 10.00 2 
2172 14968 296 -29 2268 -1046 -85.00 245.22 11.00 2 
2180 16780 1528 874 1794 -98 -84.00 244.55 7.00 1 
2236 16072 -1208 964 2266 851 -83.00 243.21 7.00 1 
2196 16432 -96 649 2763 529 -84.00 243.21 6.00 1 
1948 16972 -212 22 3376 889 -79.00 244.55 3.00 0 
1712 15888 300 -208 4120 728 -83.00 244.55 2.00 0 
2120 15708 28 -467 4573 -64 -82.00 244.55 -2.00 359 
2468 16048 -316 -713 4561 -383 -79.00 244.55 -5.00 358 
2660 16752 -1908 -1565 5452 -321 -82.00 245.22 -9.00 357 
2288 16804 -956 -2243 7056 324 -81.00 243.88 -11.00 357 
2860 16220 -1096 -1936 7668 1191 -82.00 245.22 -17.00 356 
2620 13936 -1020 -907 8785 1137 -82.00 247.23 -20.00 355 
1648 14016 484 -1994 9209 -871 -80.00 244.55 -25.00 354 
1220 14052 4720 -2992 7947 -3623 -80.00 244.55 -35.00 351 
1664 17032 1608 -3311 4895 -2633 -81.00 245.89 -38.00 351 
1556 15144 -112 -1868 4802 -1808 -87.00 245.89 -45.00 349 
1256 16420 -788 -781 6817 -1887 -86.00 244.55 -47.00 349 
1552 18016 452 620 6544 898 -87.00 243.21 -51.00 348 
1092 15396 -60 406 6268 1839 -89.00 243.21 -52.00 347 
1032 15300 -1136 799 6961 1437 -86.00 243.21 -58.00 346 
884 16092 1412 1182 6701 1665 -85.00 241.87 -64.00 345 
900 15380 628 1246 6407 1424 -85.00 241.87 -67.00 344 
1328 15580 892 832 6040 730 -83.00 241.87 -73.00 343 
2104 17376 620 270 5795 933 -81.00 241.20 -78.00 342 
1600 16532 124 793 5628 2526 -81.00 239.19 -80.00 341 
1684 15844 488 1843 5892 3197 -79.00 239.86 -86.00 340 
1868 14348 -780 1954 6101 1745 -78.00 239.86 -87.00 340 
1924 14476 688 1461 5246 595 -75.00 237.18 -94.00 338 
1888 15888 576 1247 3691 -48 -78.00 237.18 -92.00 338 
1620 17284 -28 1085 3645 847 -76.00 233.83 -99.00 337 
1500 15520 24 759 3355 1338 -76.00 234.50 -100.00 336 
1396 15112 -248 676 2729 1072 -74.00 235.17 -102.00 336 
1304 16508 380 937 1497 1640 -74.00 232.49 -103.00 336 
928 15592 588 882 1003 1319 -74.00 232.49 -104.00 335 
692 15420 952 579 -136 1253 -74.00 233.83 -105.00 335 
792 15652 -340 175 -706 915 -71.00 233.16 -105.00 335 
756 15524 -932 72 -171 988 -69.00 233.83 -107.00 335 
1128 15476 -840 365 306 1432 -71.00 232.49 -104.00 335 
932 15060 -104 352 519 1461 -71.00 233.16 -103.00 336 
1112 14704 -456 498 494 823 -70.00 233.83 -107.00 335 
1252 15776 336 832 362 1050 -70.00 232.49 -104.00 335 
1352 15320 -896 522 -298 1352 -69.00 232.49 -105.00 335 
1572 15896 -24 388 -641 1034 -68.00 234.50 -106.00 335 
1344 16664 -872 698 -518 1322 -69.00 233.16 -108.00 335 
1756 16780 80 645 -86 1968 -71.00 231.82 -102.00 336 
1724 16156 -1296 -63 -91 1580 -66.00 233.16 -104.00 335 
1840 16736 -684 -934 176 1202 -68.00 233.83 -104.00 336 
1748 16120 -532 -1144 14 1042 -68.00 233.83 -104.00 336 
1744 15796 -668 -1187 300 738 -65.00 233.83 -103.00 336 
1796 15852 -748 -1223 337 519 -64.00 233.83 -106.00 335 
1744 15756 -728 -1414 435 547 -65.00 233.16 -107.00 335 
1976 16212 -844 -1498 17 642 -66.00 232.49 -104.00 335 
1744 16356 -620 -1148 166 1066 -65.00 233.83 -108.00 335 
1384 15304 -564 -382 150 1703 -64.00 234.50 -109.00 335 
1416 15312 -1144 -454 19 1131 -64.00 233.83 -106.00 335 
1788 16336 -752 -664 401 917 -62.00 235.17 -106.00 335 
1112 15112 -244 -948 434 1014 -65.00 233.83 -107.00 335 
960 14444 -244 -755 252 569 -66.00 233.83 -108.00 335 
1192 15712 4 -251 271 804 -67.00 233.83 -106.00 335 
1392 15652 -296 438 412 1567 -68.00 234.50 -108.00 335 
1516 16024 -260 425 277 1642 -66.00 234.50 -107.00 335 
1444 15964 -156 286 128 1719 -67.00 233.83 -108.00 335 
1356 15736 -216 -93 55 1873 -69.00 233.83 -108.00 335 
1504 15232 -680 -354 82 1355 -65.00 234.50 -108.00 335 
1464 15928 -644 -440 130 1195 -68.00 233.16 -110.00 334 
1532 16500 -660 -703 252 1318 -66.00 235.17 -110.00 334 
1428 15980 -952 -1174 536 1283 -68.00 235.17 -109.00 335 
1220 15860 -700 -1194 705 1294 -69.00 236.51 -110.00 335 
1280 15864 -136 -792 808 1794 -69.00 235.17 -110.00 334 
1056 15580 -640 -446 817 2206 -70.00 236.51 -110.00 335 
808 15472 -336 -868 1534 1469 -70.00 235.84 -111.00 334 
848 14888 -152 -568 1193 1013 -69.00 237.18 -116.00 333 
1016 15468 -368 -14 777 1125 -71.00 234.50 -115.00 333 
1120 16292 -476 287 670 1610 -72.00 234.50 -118.00 333 
736 15760 -320 -130 938 1347 -74.00 237.18 -116.00 333 
532 15048 -320 -631 1122 643 -75.00 236.51 -117.00 333 
428 15052 -484 -638 1122 207 -74.00 237.18 -120.00 333 
728 15848 776 -156 983 1091 -76.00 236.51 -119.00 333 
488 14940 412 -166 901 1052 -79.00 235.17 -120.00 332 
192 15112 424 -644 1002 -133 -81.00 235.17 -121.00 332 
-692 14104 488 -726 1265 -208 -87.00 235.84 -119.00 333 
-1212 13648 1264 -11 874 543 -89.00 234.50 -124.00 332 
-1192 14716 -140 1007 1128 2051 -89.00 235.17 -123.00 332 
-1832 14032 976 1220 1025 2157 -92.00 235.17 -123.00 332 
-2568 14572 1496 1341 593 1817 -93.00 235.84 -128.00 331 
-2140 15864 2580 1337 223 728 -96.00 237.18 -126.00 332 
-1124 19292 1092 1017 -367 1236 -98.00 237.18 -126.00 332 
-1400 20356 -1348 -92 1178 2627 -103.00 237.18 -126.00 332 
-2156 16008 220 145 2675 2556 -103.00 236.51 -125.00 332 
-3184 14152 2864 1348 2152 938 -104.00 237.18 -128.00 331 
-2488 15756 4132 3015 -638 -368 -108.00 235.84 -128.00 331 
-1256 21204 -1760 2771 3 33 -111.00 236.51 -125.00 332 
-992 21292 -2152 964 1944 1410 -116.00 238.52 -124.00 332 
-1236 20544 -292 -2328 2345 1441 -118.00 237.18 -121.00 332 
-2236 17060 1448 -5164 2128 -2012 -120.00 238.52 -125.00 332 
-2448 15188 3524 -5876 294 -5798 -123.00 238.52 -127.00 331 
556 21908 -236 -3531 -3016 -3321 -130.00 239.19 -130.00 331 
432 17784 -1856 -2855 -3511 2578 -134.00 239.86 -127.00 332 
-2840 7980 -536 -4292 -5917 -2842 -137.00 242.54 -123.00 333 
-5872 6676 1428 -3370 -8217 -12741 -143.00 245.89 -123.00 333 
-6072 14480 756 2251 -9283 -11498 -153.00 244.55 -118.00 334 
-1940 24876 -1800 5882 -8572 -3184 -169.00 245.89 -114.00 335 
-888 29940 -9804 2606 -6326 4197 -180.00 248.57 -105.00 337 
-948 24512 -7460 -1801 -4303 6172 -185.00 249.91 -98.00 338 
-988 17532 -6248 -1792 -3458 3126 -184.00 253.93 -95.00 339 
-3124 16988 1164 1623 -3089 -1704 -183.00 257.95 -96.00 339 
-2692 20436 2464 4606 -6098 -1060 -189.00 260.63 -90.00 340 
-80 21108 -1192 5169 -4856 2646 -198.00 263.31 -85.00 342 
1280 15192 -4428 3643 -2427 5164 -201.00 263.98 -81.00 342 
1892 10184 -3540 1668 1613 4925 -204.00 268.00 -77.00 343 
1324 9096 296 -82 1583 1854 -205.00 271.35 -75.00 344 
-1488 13360 2976 -2842 1353 -5080 -208.00 273.36 -75.00 344 
-3200 17840 6096 -8469 2820 -8050 -216.00 276.04 -80.00 343 
-1676 13312 5288 -6277 1700 -3608 -227.00 274.70 -83.00 343 
5452 13068 -6480 2820 2532 4984 -237.00 276.04 -89.00 342 
9476 26080 -6584 2234 5792 3322 -239.00 279.39 -89.00 342 
4660 29040 -9184 -6871 9107 -5236 -242.00 284.08 -90.00 342 
-328 23688 7436 -12152 9129 -5829 -252.00 282.74 -98.00 340 
-1972 8152 6120 -2944 1473 1466 -259.00 282.74 -113.00 338 
84 7948 1424 7042 -3769 2087 -266.00 284.08 -121.00 336 
4136 19108 -884 12101 -5804 5358 -271.00 287.43 -116.00 338 
1944 15180 -5416 10024 -5636 7789 -281.00 292.79 -110.00 339 
-1808 10792 -5908 1005 -3769 -467 -285.00 298.15 -94.00 342 
-2312 9696 216 -1478 -4002 -4257 -291.00 302.17 -89.00 343 
-2496 12712 2272 -55 -8115 -5869 -303.00 302.17 -87.00 343 
-4460 12212 -8028 2188 -9125 -2108 -320.00 301.50 -80.00 345 
-456 14272 -6224 -1043 -5994 -1278 -333.00 302.84 -71.00 346 
3728 26408 -8608 -6433 -3295 611 -346.00 304.85 -65.00 347 
2472 22832 -10988 -14235 5717 -1767 -354.00 305.52 -64.00 348 
2860 18580 -1920 -14409 8241 -6702 -362.00 306.19 -73.00 346 
2352 16260 316 -8983 6980 -5076 -378.00 299.49 -93.00 342 
2772 11736 4472 -1274 1463 -2555 -392.00 294.13 -107.00 340 
6560 21084 -3784 2215 -272 1191 -400.00 288.10 -114.00 338 
6140 14612 -1568 -279 3990 858 -412.00 286.09 -114.00 338 
4720 10420 -1168 -3464 4428 -4840 -419.00 284.08 -116.00 337 
628 9568 812 -153 4669 -3961 -431.00 278.05 -123.00 336 
-640 5932 5064 5025 4496 -3864 -437.00 268.00 -131.00 333 
-516 5752 4500 4140 771 -10579 -451.00 260.63 -132.00 333 
648 11544 7384 1308 -3044 -13566 -466.00 249.24 -134.00 331 
3492 18456 5484 4040 -10311 -5004 -487.00 232.49 -133.00 330 
196 22220 -10756 4012 -6018 1286 -499.00 222.44 -127.00 330 
2056 19152 1856 -916 -1662 -5498 -505.00 220.43 -118.00 331 
9316 21812 -6456 608 45 -7199 -511.00 211.72 -121.00 330 
5392 25152 -4948 -4208 4130 -11177 -520.00 201.00 -123.00 328 
408 23044 -4232 -5188 4876 -3330 -528.00 185.59 -130.00 324 
-584 19488 -1488 -4731 3948 1750 -532.00 175.54 -136.00 322 
-1704 7684 336 -475 1176 2814 -531.00 170.18 -149.00 318 
128 10588 1148 -86 362 -3546 -531.00 167.50 -154.00 317 
600 10224 1616 432 -3373 -6283 -531.00 161.47 -158.00 315 
684 15584 -680 1654 -8166 -5386 -535.00 152.09 -156.00 314 
-3000 11860 636 3939 -10368 -3396 -541.00 144.05 -154.00 313 
-160 18120 260 1843 -9597 -2813 -541.00 139.36 -149.00 313 
7092 20592 376 -782 -8475 52 -543.00 137.35 -145.00 313 
8916 22536 -10340 -395 -3225 2823 -542.00 132.66 -145.00 312 
7632 16160 -4912 -1360 749 693 -542.00 134.00 -144.00 312 
3804 17448 -3900 -341 3574 -1115 -537.00 133.33 -147.00 312 
2448 18148 -1260 -341 3285 904 -537.00 127.30 -150.00 310 
2260 19384 -3084 893 1928 6396 -535.00 123.28 -153.00 308 
2468 16716 -1408 3004 1724 8296 -532.00 124.62 -155.00 308 
2772 13868 76 5409 1493 7070 -529.00 127.30 -155.00 309 
3412 17412 436 4932 1631 3465 -527.00 134.67 -151.00 311 
3168 19272 -284 3157 2324 2397 -525.00 134.00 -147.00 312 
2424 17756 -504 440 1658 701 -525.00 135.34 -143.00 313 
1720 15132 -592 -515 1069 554 -523.00 134.00 -143.00 313 
2180 15324 620 -158 -261 1757 -521.00 131.99 -144.00 312 
6672 20212 -3408 979 -310 5149 -517.00 131.32 -145.00 312 
7036 21456 -6180 -38 1806 4800 -514.00 134.00 -144.00 312 
8104 23044 -3336 -2107 4373 3868 -509.00 138.69 -141.00 314 
6492 20444 -1484 -6052 7687 2066 -506.00 139.36 -145.00 313 
4348 18612 5652 -8436 6136 809 -501.00 138.69 -150.00 312 
2292 15804 4244 -8116 -662 2244 -496.00 137.35 -158.00 311 
2568 14536 -88 -4785 -2426 4870 -489.00 138.02 -165.00 309 
3732 14212 -1696 -3167 -1016 4060 -481.00 144.05 -166.00 310 
4148 14388 -628 -2986 1575 2653 -478.00 146.73 -168.00 311 
4580 15492 1616 -2673 1795 2987 -474.00 148.07 -171.00 310 
3432 12480 3504 -1823 -471 3911 -470.00 151.42 -172.00 311 
3496 13508 1580 -810 -1675 2094 -463.00 154.77 -174.00 311 
4504 14660 -404 654 -1786 2021 -459.00 156.11 -171.00 312 
4352 15836 -1432 1172 43 2213 -458.00 160.13 -170.00 313 
3584 14536 -144 1240 980 2467 -457.00 158.79 -165.00 313 
3180 13672 1052 32 1271 707 -453.00 159.46 -164.00 314 
2916 14660 1220 -641 755 96 -453.00 161.47 -162.00 314 
2804 15040 1212 -509 -150 357 -453.00 160.80 -160.00 315 
2824 14828 -344 -428 80 401 -453.00 162.14 -158.00 315 
3008 14416 188 -458 1084 118 -449.00 160.80 -156.00 315 
3156 14724 1488 -339 756 -152 -449.00 160.80 -159.00 315 
3132 14276 1228 326 -616 427 -450.00 160.13 -158.00 315 
3580 16216 712 1533 -1198 2317 -446.00 160.13 -159.00 315 
3608 15796 -936 1923 -518 3391 -445.00 162.81 -156.00 316 
3480 15284 -388 1530 442 2480 -445.00 164.82 -152.00 317 
3320 15328 -224 1475 985 2465 -448.00 166.16 -151.00 317 
2708 15056 1148 1161 169 2076 -445.00 168.84 -151.00 318 
1880 14656 1096 1041 -943 1630 -444.00 171.52 -149.00 319 
1612 16264 428 1359 -1203 1903 -443.00 171.52 -147.00 319 
1676 15952 -788 2305 -79 2736 -441.00 172.19 -146.00 319 
1920 15604 -188 2891 590 3188 -442.00 174.20 -143.00 320 
1928 14836 -676 2514 378 2015 -439.00 176.88 -140.00 321 
1988 15196 -712 2120 -301 768 -437.00 178.22 -138.00 322 
1916 16520 -1276 1715 -431 388 -440.00 178.89 -138.00 322 
1472 16812 -1900 1573 10 705 -440.00 179.56 -135.00 323 
1372 16316 -1980 896 230 611 -441.00 179.56 -133.00 323 
1232 16284 -2132 485 678 505 -442.00 178.89 -134.00 323 
1524 15712 -1476 608 1069 1017 -443.00 179.56 -131.00 323 
1728 15284 -1744 279 1519 242 -442.00 179.56 -132.00 323 
1996 16848 -1732 -532 2073 -346 -442.00 179.56 -133.00 323 
2096 16552 -1176 -1264 2674 -151 -442.00 179.56 -131.00 323 
2172 15992 -696 -2047 2343 -515 -441.00 176.88 -134.00 322 
2340 15888 -360 -1964 1952 -607 -443.00 178.22 -137.00 322 
2680 16268 -444 -1350 1771 -257 -440.00 176.21 -141.00 321 
2460 16140 -736 -1130 2182 -160 -440.00 174.87 -142.00 320 
2084 15344 -712 -1153 2308 -855 -438.00 174.87 -143.00 320 
1956 15496 -536 -888 2372 -1207 -440.00 173.53 -145.00 320 
1936 15796 8 -169 2507 -559 -440.00 170.85 -147.00 319 
1792 15464 -424 -82 2914 -666 -442.00 170.18 -149.00 318 
1696 15828 -468 -487 3374 -1082 -444.00 168.17 -149.00 318 
1932 16332 -816 -543 3958 -832 -443.00 166.83 -150.00 318 
1524 15312 -584 -348 4578 -540 -444.00 163.48 -153.00 316 
1284 15308 -148 -220 4930 -779 -443.00 162.14 -155.00 316 
1620 15660 -108 36 5312 -676 -445.00 159.46 -155.00 315 
1564 15848 -376 420 5514 -438 -447.00 157.45 -158.00 314 
1720 15640 -856 450 5871 -569 -446.00 154.77 -160.00 314 
1480 15756 -1008 442 6215 -572 -447.00 152.76 -163.00 313 
1308 15716 -1120 139 6813 -594 -448.00 150.08 -161.00 312 
1172 16232 -1412 -111 7561 -672 -450.00 147.40 -166.00 311 
1240 16356 -1160 -498 8347 -418 -450.00 143.38 -169.00 310 
932 15912 -1136 -794 9088 -290 -450.00 138.69 -172.00 308 
980 15416 -844 -1415 9548 -844 -451.00 134.67 -175.00 307 
1060 15760 -656 -2285 9961 -1406 -453.00 129.98 -179.00 305 
972 15936 -736 -2176 10143 -528 -452.00 123.95 -183.00 304 
692 15324 -1312 -2315 11069 -340 -451.00 117.92 -189.00 301 
896 15316 -1028 -1728 11854 45 -451.00 114.57 -193.00 300 
1192 15480 -1164 -1214 12453 241 -448.00 107.87 -200.00 298 
1396 15888 -1624 -798 12523 291 -451.00 101.84 -203.00 296 
1340 16048 -1736 -778 12955 68 -452.00 95.81 -205.00 295 
1092 15764 -1392 -1102 13258 -169 -450.00 87.77 -209.00 292 
1024 15204 -1396 -1231 13539 -242 -450.00 81.07 -214.00 290 
1204 15288 -1648 -1005 13668 -311 -452.00 75.04 -219.00 288 
1392 15920 -1984 -874 14001 -495 -448.00 65.66 -217.00 286 
1516 16084 -2516 -766 14493 -309 -451.00 58.29 -221.00 284 
1244 15936 -1760 -647 14987 -86 -453.00 50.92 -222.00 282 
1348 15824 -896 -508 15144 233 -453.00 40.20 -224.00 280 
1536 16196 -1668 -258 15309 234 -453.00 31.49 -226.00 277 
1788 16800 -2404 198 15948 422 -453.00 22.78 -224.00 275 
1484 15752 -2104 363 16048 140 -457.00 13.40 -226.00 273 
1008 15548 -1484 216 15887 -441 -459.00 4.69 -225.00 271 
1188 15540 -1248 -127 15610 -775 -459.00 -5.36 -223.00 268 
1656 16480 -2044 -526 15805 -606 -463.00 -15.41 -221.00 266 
1748 16448 -1944 -154 16396 341 -462.00 -24.79 -221.00 263 
1672 15620 -868 232 16583 356 -465.00 -33.50 -217.00 261 
1588 15356 -276 489 16291 -249 -464.00 -42.21 -215.00 258 
1616 15984 -232 222 15842 -560 -469.00 -51.59 -212.00 256 
1500 16044 -584 -560 15766 -689 -472.00 -61.64 -209.00 253 
1524 16680 -516 -1318 16089 -324 -471.00 -70.35 -204.00 250 
1472 15992 -768 -1779 16416 101 -473.00 -78.39 -199.00 248 
1120 15664 -100 -2030 16526 430 -473.00 -87.77 -198.00 246 
840 15600 72 -2125 16533 626 -474.00 -95.81 -195.00 243 
272 15400 788 -2195 16254 422 -474.00 -104.52 -194.00 241 
224 15560 1192 -1792 15371 82 -476.00 -112.56 -189.00 239 
256 16412 908 -928 14504 310 -474.00 -116.58 -184.00 237 
44 15940 472 -240 14055 268 -478.00 -126.63 -179.00 234 
36 15936 124 -217 13876 63 -479.00 -131.32 -174.00 232 
-76 16080 -396 -707 14053 -227 -483.00 -140.03 -168.00 230 
80 16112 -120 -1121 14453 -397 -483.00 -145.39 -163.00 228 
200 16044 280 -1602 14670 -571 -483.00 -152.09 -157.00 225 
264 15428 720 -1941 14682 -586 -487.00 -158.12 -154.00 224 
656 15892 936 -1993 14394 -776 -483.00 -164.15 -147.00 221 
828 15972 572 -1904 14079 -953 -483.00 -170.85 -144.00 220 
708 15704 632 -2145 13904 -1566 -485.00 -178.22 -137.00 217 
768 15888 812 -2131 13723 -1612 -486.00 -182.24 -132.00 215 
392 15276 816 -1669 13324 -1514 -483.00 -189.61 -128.00 214 
548 14820 464 -1303 13128 -1393 -487.00 -196.31 -121.00 211 
816 15200 -40 -438 12672 -943 -484.00 -202.34 -115.00 209 
992 15528 -336 397 13079 -236 -486.00 -209.71 -109.00 207 
1176 15128 -1024 856 13015 10 -484.00 -213.06 -101.00 205 
1604 15788 -1216 936 13325 224 -486.00 -215.74 -94.00 203 
1868 16488 -2036 457 13817 332 -491.00 -220.43 -84.00 200 
1896 16652 -1308 -673 14140 78 -492.00 -223.11 -74.00 198 
1932 16908 -1536 -1326 13703 133 -494.00 -225.79 -66.00 196 
1596 16524 -1136 -1153 13490 817 -495.00 -230.48 -59.00 194 
1236 15856 -948 -1154 12997 690 -497.00 -231.82 -53.00 192 
1252 16520 -1316 -812 12551 887 -497.00 -233.83 -44.00 190 
1268 16180 -1864 -799 12597 846 -498.00 -234.50 -37.00 188 
1368 16164 -2368 -1256 12487 548 -500.00 -234.50 -31.00 187 
972 16140 -1832 -1218 12497 766 -503.00 -235.84 -22.00 185 
900 15496 -1844 -814 12605 1082 -505.00 -237.85 -15.00 183 
1208 15820 -2192 -829 13163 1293 -506.00 -237.85 -9.00 182 
1140 17072 -2260 -586 13311 1961 -507.00 -237.85 -1.00 180 
1460 16284 -2700 -410 12930 2060 -511.00 -236.51 7.00 178 
1012 15344 -2564 -253 13086 1365 -513.00 -234.50 18.00 175 
876 15280 -2008 -234 12945 1184 -515.00 -233.16 24.00 174 
1056 16448 -2400 2 13102 1217 -515.00 -230.48 32.00 172 
720 15556 -2396 295 12692 1415 -517.00 -228.47 42.00 169 
884 15256 -2148 44 12533 1169 -518.00 -227.80 48.00 168 
1120 15592 -2236 -54 12493 282 -520.00 -224.45 57.00 165 
1300 16528 -1592 -380 11797 119 -518.00 -221.10 65.00 163 
1372 15664 -2488 -849 11699 49 -519.00 -221.10 72.00 161 
704 14980 -808 -643 11598 -97 -519.00 -217.75 79.00 160 
-268 16148 -940 -892 10255 -327 -520.00 -216.41 85.00 158 
412 17548 -1660 -660 9900 1285 -519.00 -215.07 91.00 157 
1388 16256 -400 -643 9716 2295 -520.00 -211.72 96.00 155 
-100 13968 -1264 -37 7881 2682 -520.00 -207.03 102.00 153 
276 15740 -36 35 7333 1786 -521.00 -201.67 108.00 151 
-176 17536 -648 344 6209 2462 -520.00 -198.32 109.00 151 
640 17304 -1276 -1157 5671 2724 -522.00 -194.30 115.00 149 
-220 16316 744 -2593 4967 1147 -523.00 -189.61 117.00 148 
-704 16064 3704 -2438 2449 386 -523.00 -186.93 119.00 147 
-932 15116 1768 -1926 -441 -873 -523.00 -184.92 116.00 147 
-684 17116 164 -1604 375 -1548 -526.00 -187.60 118.00 147 
-1224 18056 328 -768 1205 986 -524.00 -188.94 115.00 148 
76 16256 -100 -40 1142 2767 -523.00 -186.26 115.00 148 
256 15200 -604 64 1318 2582 -522.00 -185.59 113.00 148 
104 13636 -32 649 1922 1383 -522.00 -182.91 116.00 147 
196 14392 384 1198 1511 851 -524.00 -180.90 118.00 146 
60 15248 -660 1345 1877 616 -524.00 -179.56 120.00 146 
880 16432 -1140 1393 2574 531 -524.00 -179.56 121.00 146 
736 18132 -572 1789 3099 2496 -524.00 -177.55 127.00 144 
1100 16284 -768 1503 3067 3062 -521.00 -175.54 127.00 144 
736 15168 392 961 2590 1638 -521.00 -170.18 132.00 142 
540 15584 -88 54 2280 20 -521.00 -168.17 134.00 141 
248 15968 600 -56 1805 406 -521.00 -167.50 135.00 141 
-20 14564 560 150 1209 452 -522.00 -168.17 137.00 140 
-344 14532 864 404 640 -281 -520.00 -166.16 138.00 140 
-20 15928 540 661 213 -17 -522.00 -166.83 140.00 140 
360 15524 464 842 148 657 -520.00 -166.83 140.00 140 
392 15504 -76 340 -303 898 -517.00 -166.83 142.00 139 
500 15600 -176 38 -338 852 -518.00 -166.83 143.00 139 
800 15940 -744 -246 -413 885 -518.00 -165.49 142.00 139 
944 16252 -1096 -304 469 814 -517.00 -166.83 143.00 139 
780 14800 -336 -350 817 183 -518.00 -166.16 144.00 139 
792 16284 -428 -26 733 -103 -517.00 -165.49 143.00 139 
920 16368 -420 68 440 434 -516.00 -165.49 144.00 138 
824 16448 -596 -355 445 293 -515.00 -165.49 147.00 138 
848 16824 -436 -502 247 683 -518.00 -166.16 147.00 138 
916 16456 -1108 -457 472 1265 -519.00 -164.82 146.00 138 
956 15744 -400 -776 916 441 -520.00 -163.48 149.00 137 
808 16000 -552 -927 777 517 -515.00 -164.15 146.00 138 
868 14888 -436 -1028 714 183 -518.00 -162.81 146.00 138 
876 15204 -556 -1157 730 -252 -517.00 -162.81 147.00 137 
768 15752 -224 -667 836 361 -519.00 -162.14 147.00 137 
816 15884 -600 -393 805 731 -518.00 -163.48 145.00 138 
948 16508 -372 -369 935 1449 -518.00 -164.15 145.00 138 
616 15440 -24 -656 784 1604 -518.00 -162.14 147.00 137 
308 15544 800 -1204 300 598 -520.00 -160.13 145.00 137 
156 17088 324 -1271 -106 950 -520.00 -159.46 147.00 137 
-32 15688 -60 -1321 159 1701 -521.00 -158.79 148.00 137 
108 14908 -452 -1548 181 800 -521.00 -158.12 144.00 137 
280 15948 -440 -1257 363 963 -523.00 -158.12 143.00 137 
244 15552 -204 -901 566 1272 -524.00 -158.12 144.00 137 
412 15852 -48 -893 567 1486 -525.00 -158.12 143.00 137 
292 16416 32 -1231 577 937 -527.00 -155.44 143.00 137 
-128 16428 352 -1371 464 1463 -529.00 -154.10 144.00 136 
-700 15064 332 -1108 166 2141 -529.00 -152.76 142.00 137 
-1116 13840 320 -1307 -20 584 -528.00 -152.09 140.00 137 
-800 15648 -312 -651 74 664 -532.00 -152.09 140.00 137 
-724 16208 8 344 292 1863 -533.00 -154.10 142.00 137 
-944 14868 152 669 256 1571 -532.00 -151.42 141.00 137 
-1360 15216 572 760 189 874 -534.00 -150.08 141.00 136 
-1404 15648 316 1261 -317 1562 -533.00 -150.08 143.00 136 
-1632 15076 -80 1559 -185 1478 -534.00 -149.41 144.00 136 
-1888 15328 56 1226 -304 528 -534.00 -148.74 145.00 135 
-1804 15828 -20 266 -368 64 -535.00 -149.41 149.00 135 
-2100 15448 -312 -756 -5 542 -536.00 -149.41 150.00 134 
-2332 14140 -340 -1729 167 786 -534.00 -152.76 150.00 135 
-1848 14808 420 -1686 -179 1534 -538.00 -152.09 148.00 135 
-2032 14196 -1004 -1383 33 2122 -538.00 -152.09 151.00 135 
-2680 14060 1068 -1724 784 1356 -543.00 -150.75 146.00 135 
-3380 15780 1512 -1410 200 797 -545.00 -150.08 146.00 135 
-3628 16244 -368 -667 837 2426 -546.00 -150.75 145.00 136 
-3896 14680 1108 -278 742 2780 -549.00 -152.09 143.00 136 
-4112 14536 1264 -731 601 1762 -552.00 -150.08 145.00 135 
-3876 16544 912 -1536 340 1173 -557.00 -146.73 146.00 135 
-3312 19300 -152 -1014 324 2085 -557.00 -150.08 141.00 136 
-5652 15644 552 -1175 465 1141 -558.00 -151.42 143.00 136 
-7320 14096 3580 -1590 -492 -1600 -561.00 -150.08 144.00 136 
-5828 16112 2776 739 -2767 -308 -563.00 -153.43 140.00 137 
-2152 18900 -1744 3111 -4429 511 -566.00 -159.46 140.00 138 
-500 20196 -5156 4036 -3753 2373 -563.00 -165.49 140.00 139 
-1416 18248 -3308 2995 -2804 1605 -566.00 -167.50 142.00 139 
-2616 16668 -664 669 -2605 -482 -563.00 -170.85 146.00 139 
-2064 17184 -396 -1618 -2469 -3428 -563.00 -174.20 145.00 140 
-2008 20392 1956 -2779 -3243 -4176 -563.00 -182.91 143.00 141 
-3884 16588 2088 -1285 -4298 -3906 -562.00 -191.62 136.00 144 
-4776 12036 2220 -309 -6243 -4003 -559.00 -200.33 133.00 146 
-2668 17028 -2984 416 -7275 -4406 -556.00 -209.04 126.00 148 
-700 25084 -6984 -922 -4928 -2602 -550.00 -223.78 120.00 151 
-668 23788 -5920 -2435 -2324 -1551 -546.00 -233.16 114.00 153 
-1760 23528 -4096 -2550 -773 -923 -543.00 -237.85 109.00 155 
-2896 23188 -4924 -1521 2178 1617 -539.00 -243.21 106.00 156 
-2448 20600 -1928 -933 4029 5141 -533.00 -245.22 100.00 157 
-2036 15356 1876 -2698 1598 3361 -532.00 -243.88 98.00 158 
-1068 16608 1212 -1279 -859 -351 -528.00 -241.87 93.00 158 
408 16224 868 2150 206 -166 -526.00 -245.89 91.00 159 
2288 16812 1176 4476 1339 2243 -518.00 -249.24 91.00 159 
1048 14716 1996 4219 2390 1603 -511.00 -249.24 92.00 159 
904 10516 3520 2068 2193 -1795 -504.00 -249.24 97.00 158 
1044 13288 4000 -218 2913 -6471 -495.00 -251.92 97.00 158 
-804 17816 1496 -1731 6528 -7351 -483.00 -259.96 98.00 159 
-1468 15672 5804 -5229 6101 -7189 -472.00 -266.66 99.00 159 
-364 13720 4768 -6291 3158 -6141 -459.00 -270.01 99.00 159 
2040 18868 -4248 -3794 3357 -2548 -444.00 -277.38 95.00 161 
1752 21400 -13840 -2469 11034 -3212 -436.00 -280.06 94.00 161 
-2412 25968 -6868 -3978 12553 -2590 -425.00 -282.07 99.00 160 
-5920 21308 2796 -3115 14996 3188 -416.00 -280.06 103.00 159 
-6176 4892 20412 1353 4282 5589 -409.00 -274.03 108.00 158 
-4084 4732 6268 6302 -8344 -1402 -408.00 -265.99 110.00 157 
-796 19904 -10728 6413 -9370 813 -397.00 -265.99 113.00 156 
-3412 16680 -1928 1397 1764 6659 -385.00 -269.34 109.00 157 
-6276 9824 3208 -3999 -2662 3466 -379.00 -264.65 109.00 157 
-8584 7004 -1388 -6188 -3803 -5040 -379.00 -259.96 107.00 157 
-6208 6664 -5788 -6185 -4627 -7416 -369.00 -261.30 100.00 159 
2696 17996 -3312 -3605 -2182 -4417 -356.00 -263.98 93.00 160 
2508 24948 -2664 -1588 -5178 3541 -343.00 -267.33 88.00 161 
3600 19364 -14944 -5728 7270 934 -338.00 -267.33 84.00 162 
7672 21908 -1380 -9943 5868 -1694 -332.00 -261.30 84.00 162 
-2404 13400 -348 -4253 10125 -2825 -329.00 -258.62 84.00 162 
-456 12652 22536 -312 4569 900 -320.00 -254.60 85.00 161 
-108 9540 5832 5717 -6404 2327 -312.00 -252.59 86.00 161 
5980 18616 -4084 7032 -1284 4842 -305.00 -248.57 87.00 160 
5856 11624 -3236 5597 4525 5586 -300.00 -245.89 87.00 160 
3608 9456 -1160 -2173 5730 -903 -295.00 -241.20 94.00 158 
-4108 7764 5152 632 6556 -4800 -292.00 -239.19 98.00 157 
-4964 9232 15000 5536 2577 -2645 -281.00 -237.85 100.00 157 
-4044 2840 10472 6525 -2628 -4800 -270.00 -236.51 102.00 156 
-3044 7696 3832 8035 -6912 -12764 -259.00 -235.84 104.00 156 
4520 25864 -4460 9380 -6428 -6501 -240.00 -241.87 106.00 156 
3296 23588 -14000 5132 3005 1896 -223.00 -247.23 106.00 156 
4968 24552 -1676 6107 2649 3977 -212.00 -247.90 109.00 156 
4108 20476 -4004 2015 3392 3376 -208.00 -243.88 109.00 155 
4240 23996 -2424 -1962 2344 2335 -202.00 -241.20 110.00 155 
-380 14500 1032 -4744 -1995 700 -198.00 -238.52 114.00 154 
-5808 8172 1004 -709 -7605 -1427 -196.00 -237.18 110.00 155 
-6952 7368 240 4150 -6306 -1920 -191.00 -236.51 105.00 156 
820 16328 -7680 2366 -2896 -2524 -185.00 -237.85 99.00 157 
900 21808 -5392 -4145 -4732 -6883 -174.00 -238.52 102.00 156 
2816 21364 -4508 -12314 -6095 -9713 -164.00 -239.19 99.00 157 
400 16380 8784 -13412 -7770 -7571 -155.00 -242.54 97.00 158 
5084 20828 -14984 -7659 2923 -5002 -147.00 -243.88 92.00 159 
6680 19680 -5132 -7218 9759 -1067 -143.00 -247.23 88.00 160 
5280 20148 -3128 -2746 3412 -329 -138.00 -245.89 94.00 159 
2088 18120 -2188 -1007 2221 531 -131.00 -246.56 99.00 158 
-452 24084 3976 -3500 5680 614 -127.00 -247.90 101.00 157 
3120 24552 4704 -7811 4968 -306 -121.00 -249.24 103.00 157 
5488 18448 6444 -11042 -1532 -2390 -115.00 -247.23 104.00 157 
5088 9952 4084 -9776 -4797 -8835 -108.00 -247.23 104.00 157 
2456 10432 1124 -2910 -6364 -8169 -99.00 -248.57 98.00 158 
876 21720 -1200 1381 -3954 1268 -88.00 -250.58 96.00 159 
6604 25976 -1816 2054 1411 11585 -77.00 -247.90 92.00 159 
4700 19280 -676 5425 5823 9262 -74.00 -247.23 91.00 159 
6668 13080 3764 6021 5107 99 -76.00 -243.88 93.00 159 
3204 15200 4420 7832 682 127 -70.00 -239.86 97.00 157 
5816 20808 -640 8380 -99 8751 -64.00 -237.85 99.00 157 
6188 20212 -3216 7583 4304 11480 -57.00 -235.84 98.00 157 
6868 19460 -2200 6488 5287 9797 -61.00 -233.83 99.00 157 
4888 17576 -232 6418 4277 7837 -62.00 -232.49 103.00 156 
2452 13640 5384 3439 1839 2445 -62.00 -229.14 108.00 154 
2760 14444 7836 3590 -4333 2599 -62.00 -226.46 108.00 154 
1424 15588 -920 2263 -5824 1718 -59.00 -225.79 103.00 155 
4048 15176 -1948 -660 -2498 1125 -59.00 -226.46 104.00 155 
3624 14504 -952 -2613 -1407 942 -56.00 -225.79 100.00 156 
3164 12260 -2376 -3349 -419 152 -55.00 -227.80 98.00 156 
2564 14032 -2076 -2021 66 1502 -57.00 -225.79 98.00 156 
2500 12348 -1172 -501 1188 3027 -55.00 -223.78 98.00 156 
2988 12332 1816 -1840 -521 1271 -56.00 -225.12 98.00 156 
3400 15664 -712 -5150 -1901 220 -56.00 -223.11 98.00 156 
2672 14180 -216 -5862 -3128 133 -58.00 -224.45 98.00 156 
2552 13132 -2684 -3461 -1193 1719 -59.00 -225.12 97.00 156 
2032 12404 -1472 990 110 3838 -60.00 -224.45 90.00 158 
2388 15456 -2260 1953 63 5568 -61.00 -223.11 95.00 156 
1020 13540 -2992 1222 -495 4917 -63.00 -224.45 93.00 157 
-1360 11920 1108 78 -619 4022 -66.00 -223.78 94.00 157 
208 11932 2280 1809 -2373 2310 -67.00 -225.12 94.00 157 
1624 18172 -1432 4229 -3669 2625 -68.00 -225.79 92.00 157 
2940 17864 -4496 4796 -166 5629 -64.00 -227.13 91.00 158 
3556 17516 -3380 5543 670 7636 -67.00 -227.13 91.00 158 
3320 16852 -1928 5213 974 7217 -70.00 -226.46 93.00 157 
3648 19444 -2112 2799 -506 5471 -75.00 -228.47 93.00 157 
3624 20212 -1916 -130 -3 5129 -75.00 -228.47 96.00 157 
2244 16200 -728 -1665 -897 3269 -80.00 -227.80 95.00 157 
1092 15728 -992 -2209 -670 1259 -79.00 -227.13 93.00 157 
1160 14704 96 -1691 45 1016 -83.00 -226.46 93.00 157 
1312 14848 -92 -972 -955 1766 -81.00 -228.47 93.00 157 
1780 15080 -504 -607 -668 1749 -85.00 -228.47 91.00 158 
2224 15620 -1064 -233 -851 771 -85.00 -227.80 91.00 158 
2468 15532 -1436 -328 -318 266 -82.00 -227.13 91.00 158 
2636 16480 -1492 -962 278 70 -84.00 -227.80 92.00 158 
2488 16112 -1076 -1348 862 349 -84.00 -229.14 91.00 158 
2396 16424 -1032 -1526 557 443 -84.00 -226.46 91.00 158 
2528 16376 -1860 -2226 -159 122 -86.00 -227.80 91.00 158 
2560 15944 -1432 -2734 -263 -394 -84.00 -227.13 94.00 157 
2500 16068 -1172 -2990 -796 -406 -87.00 -227.80 92.00 158 
2324 16564 -1620 -3118 -239 330 -87.00 -227.13 90.00 158 
1932 15848 -920 -2547 80 816 -86.00 -227.13 90.00 158 
1320 14736 -1116 -2125 -130 177 -88.00 -227.80 91.00 158 
1604 14680 -764 -1883 -512 -376 -90.00 -226.46 91.00 158 
1648 15428 -1232 -1704 -852 -729 -87.00 -226.46 90.00 158 
1928 15868 -1132 -1868 -1096 -331 -87.00 -227.13 91.00 158 
1624 16596 -1764 -2142 -609 -69 -89.00 -227.80 89.00 158 
1764 16544 -992 -1945 169 560 -89.00 -229.14 87.00 159 
2028 15700 -1268 -2086 311 559 -88.00 -227.13 89.00 158 
2260 16360 -592 -2364 368 123 -89.00 -227.80 87.00 159 
1756 15028 -400 -2455 129 -258 -89.00 -227.80 89.00 158 
1784 15368 -400 -2194 57 -793 -91.00 -227.13 88.00 158 
1880 15060 -232 -1918 -239 -679 -90.00 -227.13 86.00 159 
1908 16120 -212 -794 -148 -386 -89.00 -227.80 89.00 158 
1624 15572 -824 -98 -187 719 -89.00 -227.80 87.00 159 
1636 15020 -460 264 -468 843 -90.00 -227.13 88.00 158 
1832 16104 -712 505 -174 841 -88.00 -227.13 87.00 159 
1772 15488 -496 541 -35 958 -88.00 -227.80 87.00 159 
1704 15636 -292 563 -279 327 -90.00 -229.81 88.00 159 
1772 16320 -508 936 -668 430 -92.00 -225.79 86.00 159 
1752 16076 -732 1135 -610 631 -89.00 -229.14 88.00 158 
1640 16172 -1132 1176 -124 652 -89.00 -229.14 88.00 158 
1684 15752 -388 1187 149 465 -90.00 -229.14 88.00 158 
1548 15868 -536 800 131 441 -88.00 -227.80 87.00 159 
1504 16008 -348 522 -288 468 -90.00 -227.80 87.00 159 
1424 16136 -824 532 -215 561 -88.00 -227.13 89.00 158 
1716 16132 -1160 77 -385 207 -85.00 -229.14 86.00 159 
1952 16424 -1392 -210 -62 678 -86.00 -228.47 86.00 159 
1776 15800 -1104 -184 265 1079 -85.00 -227.80 85.00 159 
1536 15720 -628 -372 223 1049 -88.00 -229.14 87.00 159 
1824 16328 -900 -1006 -186 1248 -89.00 -228.47 87.00 159 
1788 16160 -1012 -1251 32 1514 -89.00 -228.47 88.00 158 
1532 14864 -184 -792 138 1077 -90.00 -228.47 88.00 158 
1860 14864 -836 -1245 97 -539 -90.00 -227.13 87.00 159 
2120 16684 -796 -954 293 41 -92.00 -227.13 87.00 159 
1912 15876 -600 -1143 381 299 -90.00 -227.80 86.00 159 
1732 15648 -276 -971 299 168 -91.00 -227.80 90.00 158 
1676 15492 -552 -459 293 484 -92.00 -227.13 86.00 159 
1868 15424 -488 -259 271 200 -92.00 -227.80 87.00 159 
1812 15724 -392 -30 -82 -220 -91.00 -226.46 89.00 158 
1880 16252 -900 -324 -1 -91 -90.00 -227.13 90.00 158 
1720 15736 -836 -151 -109 350 -91.00 -228.47 88.00 158 
1640 15868 -580 -143 33 38 -90.00 -227.80 88.00 158 
1612 15652 -616 -148 53 355 -90.00 -227.80 88.00 158 
1612 15752 -788 -88 47 670 -90.00 -227.80 88.00 158 
1656 15764 -776 -744 13 312 -88.00 -227.13 86.00 159 
1756 15888 -760 -773 -20 185 -89.00 -227.13 88.00 158 
1524 15712 -952 -522 -200 -44 -88.00 -227.80 87.00 159 
1804 16236 -1032 -366 33 89 -90.00 -227.80 87.00 159 
1592 16184 -744 -406 67 461 -89.00 -226.46 88.00 158 
1452 15692 -508 -609 -26 286 -90.00 -227.80 87.00 159 
1700 16148 -624 -749 79 21 -88.00 -229.81 88.00 159 
1540 16092 -1220 -548 288 39 -90.00 -229.14 89.00 158 
1612 15772 -920 -262 365 65 -88.00 -227.80 89.00 158 
1660 15844 -836 -198 393 -14 -90.00 -227.13 88.00 158 
1676 15704 -796 -251 213 -13 -89.00 -226.46 89.00 158 
1680 15760 -972 15 16 30 -90.00 -225.79 88.00 158 
1732 15988 -992 160 428 224 -87.00 -227.13 90.00 158 
1596 15396 -592 -436 632 218 -89.00 -226.46 87.00 158 
1788 15856 -252 -485 276 12 -87.00 -225.12 88.00 158 
1664 16076 -440 -235 19 547 -88.00 -226.46 89.00 158 
1512 15292 -584 -639 -133 353 -89.00 -226.46 90.00 158 
1464 15720 -708 -349 -180 10 -86.00 -226.46 90.00 158 
1560 15948 -1416 -28 -298 -178 -88.00 -226.46 91.00 158 
1668 16144 -1096 -20 358 333 -86.00 -226.46 89.00 158 
1520 15824 -108 329 427 829 -85.00 -226.46 90.00 158 
1492 15744 -1076 70 55 479 -87.00 -227.13 89.00 158 
1820 16004 -652 124 241 874 -90.00 -225.79 90.00 158 
1500 15244 -768 1794 42 852 -85.00 -227.13 90.00 158 
1444 15424 -920 2065 -529 369 -85.00 -226.46 91.00 158 
1732 16152 -1292 886 -700 -6 -86.00 -227.13 91.00 158 
1840 16448 -1884 317 -672 -69 -85.00 -227.13 92.00 157 
1768 16324 -1928 -210 -166 293 -84.00 -227.80 92.00 158 
1568 16300 -1600 -887 455 380 -87.00 -228.47 90.00 158 
1464 16140 -1148 -1273 639 579 -84.00 -227.80 92.00 158 
1260 15412 -504 -1606 386 458 -86.00 -227.13 92.00 157 
1368 15812 -1248 -1381 226 64 -85.00 -227.80 91.00 158 
1304 15708 -848 -1511 137 -172 -86.00 -227.13 90.00 158 
1428 15988 -1232 -1604 313 -8 -85.00 -227.13 91.00 158 
1444 15648 -1272 -1964 313 76 -85.00 -227.13 92.00 157 
1468 15888 -1012 -2585 389 329 -87.00 -225.79 92.00 157 
1680 15600 -872 -2712 18 221 -84.00 -225.79 92.00 157 
1512 16156 -536 -2148 487 408 -87.00 -225.79 91.00 158 
1216 15292 4 -1431 553 472 -88.00 -225.12 91.00 157 
1428 15648 -84 -1044 125 87 -87.00 -226.46 91.00 158 
