1680 15872 364 -489 24 632 -92.00 230.48 -103.00 335 
1584 15620 444 -519 74 437 -91.00 231.82 -105.00 335 
1632 15872 412 -519 38 376 -91.00 230.48 -105.00 335 
1712 15872 452 -351 63 518 -92.00 229.81 -103.00 335 
1588 15688 396 -320 8 464 -91.00 231.15 -106.00 335 
1656 15932 276 -441 -3 358 -89.00 229.81 -103.00 335 
1664 15976 404 -422 -22 548 -92.00 231.15 -108.00 334 
1616 15760 496 -447 62 456 -93.00 230.48 -106.00 335 
1696 15732 616 -489 -1 255 -90.00 231.15 -104.00 335 
1548 15892 460 -442 -133 364 -92.00 230.48 -106.00 335 
1708 15796 396 -401 -104 348 -92.00 231.15 -105.00 335 
1636 16096 240 -412 16 358 -91.00 230.48 -107.00 335 
1632 15924 336 -389 81 514 -92.00 230.48 -104.00 335 
1708 15876 132 -448 74 528 -91.00 230.48 -105.00 335 
1644 15732 236 -353 60 426 -92.00 230.48 -105.00 335 
1388 16084 356 -250 1 578 -92.00 231.15 -104.00 335 
1344 15304 132 185 -308 712 -92.00 229.81 -105.00 335 
1332 15160 284 526 -666 309 -90.00 231.15 -106.00 335 
1564 15952 -880 816 -227 650 -94.00 230.48 -106.00 335 
1216 16308 -908 1187 313 783 -94.00 231.15 -105.00 335 
1320 16132 -564 1126 886 471 -94.00 231.82 -105.00 335 
1388 16776 -688 535 1236 -63 -91.00 231.15 -105.00 335 
1216 17508 -168 67 1097 398 -93.00 229.14 -105.00 335 
1124 16624 -332 -405 1057 819 -93.00 228.47 -107.00 334 
984 15924 -52 -759 914 938 -96.00 231.15 -105.00 335 
1044 15392 -320 -1116 833 294 -95.00 229.14 -108.00 334 
1016 15856 -316 -1205 722 271 -94.00 229.14 -108.00 334 
1216 15608 -496 -1360 638 313 -97.00 229.14 -110.00 334 
1244 15692 -404 -1305 781 296 -94.00 230.48 -109.00 334 
1316 15620 -484 -1172 800 624 -96.00 227.80 -111.00 334 
1276 15204 -164 -1090 590 715 -95.00 227.13 -110.00 334 
1320 15320 -404 -986 685 673 -94.00 229.14 -110.00 334 
1388 15380 -60 -862 786 650 -96.00 227.80 -113.00 333 
1280 15428 -392 -523 737 1104 -97.00 228.47 -113.00 333 
1128 15152 -148 -203 995 1044 -96.00 229.14 -114.00 333 
1096 15628 -108 151 1285 879 -97.00 228.47 -113.00 333 
1096 15656 112 480 1424 1041 -96.00 227.80 -116.00 333 
1056 15264 520 418 1095 702 -97.00 227.80 -117.00 332 
1084 14976 1388 -70 490 -243 -96.00 228.47 -117.00 332 
728 16008 884 -250 300 -158 -100.00 227.13 -115.00 333 
264 16020 1852 -232 -23 1115 -101.00 227.80 -116.00 333 
400 15028 1512 -320 98 1249 -100.00 227.80 -120.00 332 
504 16444 1768 -732 553 491 -100.00 227.13 -119.00 332 
1316 19176 1000 -1438 987 218 -102.00 227.13 -118.00 332 
1800 19248 544 -1881 1865 1112 -106.00 227.80 -120.00 332 
1104 16956 1152 -1502 2261 1600 -102.00 227.80 -120.00 332 
556 14804 2148 -808 1946 804 -103.00 226.46 -124.00 331 
500 15216 1824 121 1698 194 -103.00 225.12 -126.00 330 
1116 18936 -924 14 2815 593 -104.00 223.11 -125.00 330 
-272 16772 3232 -335 3948 1150 -108.00 223.78 -126.00 330 
-912 14916 4160 -512 1083 1342 -109.00 224.45 -128.00 330 
-500 14220 1060 -765 635 1791 -108.00 224.45 -128.00 330 
-580 13184 2320 -851 761 1203 -107.00 223.78 -130.00 329 
-952 14080 2596 -1153 219 -5 -107.00 223.78 -132.00 329 
-716 16012 2492 -1277 -133 10 -109.00 223.78 -132.00 329 
-368 16512 1984 -1067 -588 1288 -109.00 222.44 -132.00 329 
-312 14868 1536 -550 -770 1959 -108.00 221.77 -132.00 329 
-216 13676 1664 -397 -769 1367 -111.00 222.44 -132.00 329 
-144 13252 740 -813 -383 -646 -108.00 223.78 -130.00 329 
8 16344 908 -488 44 -1355 -111.00 223.11 -130.00 329 
60 16876 1984 69 117 -176 -113.00 224.45 -130.00 329 
-264 15872 2016 721 -467 886 -117.00 225.12 -129.00 330 
-112 16408 3212 996 -1511 778 -118.00 223.78 -129.00 330 
360 20252 480 1586 -1947 3486 -119.00 224.45 -130.00 329 
1000 18200 620 2320 -1446 6178 -119.00 225.12 -125.00 330 
1200 14304 1532 2201 -1752 4598 -118.00 227.80 -125.00 331 
1560 16108 968 1236 -1707 990 -116.00 229.14 -123.00 331 
900 18012 1944 969 -2248 27 -117.00 229.81 -123.00 331 
2108 18732 1648 1830 -3849 1943 -119.00 229.14 -120.00 332 
3668 17576 -388 3339 -4458 1891 -122.00 231.82 -118.00 333 
5016 20332 -1324 2815 -3940 -235 -121.00 233.83 -112.00 334 
5556 22212 -1760 1652 -3345 261 -127.00 232.49 -107.00 335 
5236 18624 -1400 -948 -2993 -2 -128.00 234.50 -106.00 335 
4132 14980 -168 -2437 -3417 -1128 -131.00 235.17 -103.00 336 
2984 12912 188 -3711 -4120 -2679 -133.00 235.17 -102.00 336 
2040 13648 -496 -2508 -5269 -2197 -137.00 235.84 -102.00 336 
2016 14012 -2300 -784 -4223 45 -139.00 235.84 -97.00 337 
2868 13444 -1712 533 -3019 -219 -144.00 236.51 -94.00 338 
3500 14348 -2284 1269 -2575 -1088 -146.00 237.18 -94.00 338 
3424 15676 -2500 1376 -1722 -670 -147.00 237.85 -91.00 339 
3040 15320 -912 1552 -2048 347 -151.00 237.18 -88.00 339 
2740 14016 -2180 989 -2662 575 -154.00 237.85 -84.00 340 
2396 13440 -3244 16 -2014 141 -155.00 237.85 -85.00 340 
2196 13764 -3164 -528 -787 113 -158.00 240.53 -83.00 340 
1800 14076 -2692 -1116 -3 333 -161.00 239.19 -81.00 341 
1568 13072 -2124 -1584 192 256 -160.00 240.53 -82.00 341 
1712 13264 -2588 -1867 753 -872 -161.00 239.86 -81.00 341 
1644 14608 -1676 -2093 1312 -1461 -164.00 241.20 -83.00 341 
1156 15600 -960 -2528 1387 -1452 -168.00 241.20 -84.00 340 
740 15108 -648 -2809 1544 -1678 -170.00 240.53 -86.00 340 
804 14796 -1236 -2733 2101 -2201 -173.00 240.53 -88.00 339 
616 14632 -968 -3044 2802 -3346 -176.00 241.20 -88.00 339 
-88 14816 -20 -3250 3107 -4622 -179.00 239.19 -89.00 339 
-820 15816 0 -3219 2966 -5186 -186.00 239.86 -93.00 338 
-1304 16344 28 -3228 2724 -4775 -187.00 237.85 -98.00 337 
-1780 16136 44 -3419 2677 -4533 -193.00 234.50 -98.00 337 
-1692 16464 -56 -3449 2608 -4117 -203.00 234.50 -101.00 336 
-1620 16920 -260 -2894 2758 -4206 -205.00 233.83 -106.00 335 
-2088 18324 260 -1824 3116 -3447 -209.00 231.15 -110.00 334 
-2028 18976 -184 -1434 3349 -1323 -216.00 230.48 -110.00 334 
-1868 18000 -972 -943 4272 846 -218.00 227.80 -112.00 333 
-1364 16124 1080 -36 4756 1257 -222.00 228.47 -115.00 333 
748 18808 3360 379 3179 1796 -224.00 228.47 -119.00 332 
1792 23616 3704 856 501 5005 -225.00 229.14 -122.00 331 
2040 21424 348 -108 350 5919 -224.00 231.15 -122.00 332 
2740 17724 932 -1008 1875 2998 -223.00 233.16 -124.00 331 
1320 16408 972 -1073 1821 1603 -223.00 235.17 -124.00 332 
1072 12492 1452 -795 2377 1121 -222.00 233.83 -126.00 331 
1132 12772 1792 -489 1455 837 -224.00 235.17 -128.00 331 
2000 14160 828 -445 1442 965 -225.00 234.50 -129.00 331 
2796 16128 932 -702 1843 565 -226.00 235.84 -129.00 331 
2172 17676 800 -275 1946 703 -230.00 235.84 -131.00 330 
1920 16680 948 -44 2306 1160 -231.00 234.50 -132.00 330 
1588 13988 872 -69 2556 820 -234.00 233.83 -135.00 330 
1116 13080 1200 4 2225 182 -235.00 235.84 -135.00 330 
408 12808 984 468 1615 345 -238.00 233.83 -137.00 329 
496 13284 656 1066 1823 716 -239.00 235.17 -138.00 329 
484 13316 748 1937 1514 1724 -240.00 234.50 -141.00 328 
368 12580 96 1946 1619 1546 -243.00 235.17 -139.00 329 
-96 13216 664 1231 1638 688 -243.00 235.84 -141.00 329 
-304 14092 1672 557 961 535 -244.00 236.51 -140.00 329 
-552 15052 1488 398 -158 1266 -250.00 235.84 -141.00 329 
-428 14448 580 617 -415 1161 -248.00 238.52 -141.00 329 
-244 14336 960 522 -545 287 -251.00 239.19 -139.00 329 
-196 15332 572 43 -842 -381 -254.00 241.87 -139.00 330 
-340 16124 752 -90 -844 -257 -257.00 241.87 -138.00 330 
-508 15612 532 -245 -1295 -235 -260.00 242.54 -139.00 330 
-592 15440 868 239 -1711 -401 -263.00 244.55 -139.00 330 
-472 16536 456 689 -1744 -809 -263.00 245.89 -137.00 330 
-192 18140 532 688 -1836 -959 -268.00 245.89 -137.00 330 
136 19812 480 1037 -2143 -65 -272.00 247.23 -135.00 331 
-244 19912 -384 1470 -2040 1232 -273.00 248.57 -131.00 332 
732 20164 412 1131 -3002 2806 -277.00 247.90 -131.00 332 
1684 20312 -1172 832 -3946 2534 -278.00 251.92 -128.00 333 
2944 21268 -2444 206 -3900 1454 -279.00 254.60 -125.00 333 
2980 20504 -2132 -532 -3259 143 -283.00 255.94 -122.00 334 
2528 18344 -1632 -1505 -3303 -855 -282.00 257.95 -118.00 335 
1600 15788 -388 -1288 -4155 -657 -286.00 259.29 -118.00 335 
1256 13448 -644 -803 -5475 -126 -290.00 261.30 -116.00 336 
1812 12516 -1852 162 -6129 -90 -294.00 261.30 -110.00 337 
2488 14804 -2572 685 -5292 -1228 -299.00 262.64 -111.00 337 
2916 17656 -2284 367 -4691 -1364 -301.00 264.65 -104.00 338 
3096 17704 -1856 -1297 -4256 -684 -305.00 263.31 -100.00 339 
2552 15344 -1580 -2710 -4267 -214 -310.00 264.65 -99.00 339 
1732 12924 -48 -3046 -5050 -560 -315.00 264.65 -96.00 340 
1152 12036 -1064 -3038 -5103 -202 -317.00 265.99 -94.00 340 
796 11668 -1296 -2430 -4444 314 -320.00 268.00 -89.00 341 
88 11548 -796 -2020 -3356 408 -323.00 268.00 -87.00 342 
116 12712 -388 -1740 -2543 872 -325.00 268.00 -88.00 341 
312 12780 -680 -1349 -1994 1458 -330.00 270.68 -85.00 342 
-96 13040 -680 -1162 -1391 1519 -329.00 271.35 -85.00 342 
-332 13964 -692 -850 -499 1479 -330.00 273.36 -87.00 342 
-128 14460 -680 -465 227 1426 -331.00 274.70 -85.00 342 
32 15072 -760 -629 941 530 -333.00 274.70 -83.00 343 
-184 16268 -292 -921 1057 372 -334.00 277.38 -84.00 343 
-752 15176 -248 -775 874 682 -339.00 278.05 -90.00 342 
-1020 14872 -300 -622 904 342 -340.00 278.05 -88.00 342 
-840 16408 -472 -699 1278 24 -342.00 280.73 -90.00 342 
-300 17588 -632 -669 1684 540 -348.00 280.06 -89.00 342 
-116 18088 -892 -50 2123 1684 -349.00 280.73 -94.00 341 
288 17264 -188 1296 2400 2625 -350.00 282.74 -94.00 341 
864 17216 -744 1483 3161 1324 -351.00 282.74 -97.00 341 
1828 21908 1076 667 3512 664 -355.00 284.75 -96.00 341 
3144 26184 604 -889 3020 3067 -358.00 285.42 -100.00 340 
3936 25048 -484 -2736 3388 3864 -360.00 284.75 -100.00 340 
4328 21648 -76 -3287 3914 2664 -358.00 286.09 -108.00 339 
3344 18044 424 -1842 4475 638 -358.00 286.76 -113.00 338 
2096 14300 2600 -2046 4296 -1002 -360.00 286.76 -118.00 337 
2100 13080 2988 -1855 3265 -1805 -364.00 283.41 -121.00 336 
2900 13688 1916 -1542 1954 -1603 -367.00 281.40 -126.00 335 
2968 14528 1736 -1514 1430 -1939 -371.00 278.72 -130.00 334 
2540 15808 2016 -541 411 -1548 -379.00 276.04 -132.00 334 
2244 14540 460 248 1113 -994 -381.00 272.69 -134.00 333 
1988 14248 1008 202 1986 -1508 -385.00 271.35 -134.00 333 
1616 13912 1144 7 1414 -1062 -388.00 268.67 -135.00 333 
1220 12856 512 -44 720 -358 -394.00 266.66 -135.00 333 
612 12156 -44 254 318 692 -398.00 265.99 -138.00 332 
212 10876 -128 737 328 902 -400.00 263.98 -136.00 332 
-328 11128 -332 1217 383 293 -401.00 262.64 -138.00 332 
-492 12716 -40 1695 89 426 -407.00 262.64 -137.00 332 
-340 13004 -396 2072 -210 963 -410.00 261.97 -135.00 332 
-416 13572 -220 2109 -136 683 -410.00 260.63 -133.00 332 
-360 15088 420 1587 -96 485 -416.00 261.30 -133.00 333 
-144 15772 312 1349 -481 591 -416.00 261.30 -131.00 333 
-244 15428 364 834 -860 53 -422.00 259.96 -132.00 333 
-776 15864 428 147 -1077 -549 -424.00 260.63 -128.00 333 
-936 16056 768 -161 -1760 -351 -426.00 258.62 -130.00 333 
-1068 16384 88 72 -2345 -77 -430.00 258.62 -130.00 333 
-1100 16648 -224 470 -2613 -288 -432.00 257.28 -129.00 333 
-876 17780 -236 480 -2577 -424 -435.00 256.61 -127.00 333 
-848 18468 -532 -98 -2676 521 -439.00 255.94 -126.00 333 
-1032 18264 -912 -548 -2430 1658 -441.00 255.27 -122.00 334 
-748 18996 -1020 -441 -2227 3377 -442.00 255.94 -124.00 334 
580 19804 -808 103 -2737 4346 -442.00 256.61 -123.00 334 
1864 21368 -2760 837 -2148 3892 -441.00 258.62 -120.00 335 
2808 21760 -2496 371 -1382 1894 -440.00 260.63 -121.00 335 
2964 20628 -848 -885 -1841 28 -439.00 259.96 -121.00 335 
2344 17428 168 -2054 -3917 -440 -441.00 260.63 -120.00 335 
1232 14344 -204 -2971 -5135 -985 -443.00 257.95 -120.00 335 
928 12868 -144 -2785 -6281 -609 -447.00 257.95 -120.00 335 
1604 12348 -1732 -1812 -5912 418 -449.00 256.61 -117.00 335 
2800 13680 -2132 -1491 -5215 -1199 -447.00 254.60 -116.00 335 
3668 17408 -1960 -1415 -4433 -1971 -453.00 253.93 -113.00 336 
3412 18008 -948 -1064 -3838 -789 -452.00 252.59 -112.00 336 
2940 15208 -236 -1219 -4037 -97 -456.00 249.24 -112.00 335 
1856 12728 60 -1511 -4399 -431 -459.00 246.56 -113.00 335 
1580 11696 704 -1498 -4959 -663 -457.00 247.90 -110.00 336 
968 12036 -812 -892 -5176 -346 -463.00 245.89 -109.00 336 
372 12264 -724 -195 -4478 491 -463.00 245.89 -107.00 336 
208 12576 -1264 140 -3446 1367 -462.00 245.22 -107.00 336 
476 12584 -1696 176 -2046 1238 -467.00 244.55 -106.00 336 
304 13980 -1308 77 -1109 701 -466.00 246.56 -102.00 337 
408 15496 -984 140 -568 1149 -465.00 244.55 -100.00 337 
304 14976 -1320 198 -161 1310 -466.00 245.22 -104.00 337 
48 14868 -668 229 263 629 -465.00 245.89 -105.00 336 
-156 15208 -644 74 556 -51 -468.00 245.89 -104.00 337 
-280 15732 -776 -218 834 -504 -468.00 243.21 -107.00 336 
-136 16624 -644 -913 1482 -878 -471.00 241.87 -110.00 335 
312 17640 -816 -1883 2047 -650 -474.00 239.86 -111.00 335 
912 18268 -364 -2547 2570 79 -475.00 237.85 -116.00 334 
780 17224 96 -2252 3156 428 -475.00 235.84 -120.00 333 
304 16800 132 -470 3652 403 -478.00 233.83 -124.00 332 
760 19212 1256 573 4879 1775 -476.00 233.16 -131.00 330 
2732 21144 2016 579 4072 3728 -479.00 230.48 -133.00 330 
3532 22576 1292 -497 4328 2744 -477.00 231.15 -136.00 329 
5200 23188 1440 -1220 4337 1478 -476.00 231.15 -139.00 328 
4556 20784 908 -342 4580 586 -473.00 231.15 -141.00 328 
3396 16948 2024 466 4817 -723 -472.00 227.13 -147.00 327 
2976 15716 2660 -307 4062 -1082 -474.00 224.45 -148.00 326 
3280 14688 1944 -1017 3307 -320 -474.00 221.77 -151.00 325 
3260 14736 1788 -1697 2249 -770 -476.00 217.08 -155.00 324 
2932 14612 1816 -1440 2243 -395 -476.00 214.40 -157.00 323 
2168 13868 932 -658 3059 -301 -476.00 212.39 -160.00 323 
1492 12820 1504 -339 4315 -518 -475.00 209.71 -159.00 322 
1288 12556 996 -2 4571 -701 -475.00 205.69 -165.00 321 
1044 13000 1132 94 4433 2 -476.00 203.68 -166.00 320 
876 12232 616 405 4608 379 -476.00 197.65 -167.00 319 
136 12092 536 1086 4337 518 -474.00 196.31 -169.00 319 
48 12152 712 1239 4126 -665 -477.00 193.63 -170.00 318 
720 14356 -52 1956 3730 -258 -475.00 190.95 -175.00 317 
504 14888 80 2493 2924 334 -476.00 187.60 -173.00 317 
708 14808 -756 2960 2168 81 -479.00 182.91 -173.00 316 
1136 14864 -1264 2649 2480 -821 -481.00 182.91 -170.00 317 
464 15800 -384 1608 2641 -2057 -480.00 179.56 -169.00 316 
112 16660 340 697 1776 -2003 -483.00 177.55 -168.00 316 
12 16516 320 -16 799 -1329 -484.00 171.52 -168.00 315 
-316 15988 640 -607 153 -1282 -483.00 168.84 -170.00 314 
-144 15992 1096 -1062 -563 -1650 -486.00 165.49 -171.00 314 
-164 17156 1544 -1173 -1662 -1598 -484.00 164.15 -171.00 313 
200 16852 788 -1465 -1898 -446 -483.00 162.14 -173.00 313 
152 15196 -628 -740 -1537 160 -485.00 158.79 -174.00 312 
696 14608 288 188 -836 323 -482.00 159.46 -176.00 312 
1768 17380 176 714 -1222 1597 -481.00 158.79 -173.00 312 
3460 18904 -1552 2666 -1313 2947 -480.00 159.46 -174.00 312 
5136 20668 -2120 3423 343 1629 -477.00 160.80 -171.00 313 
4812 21116 -2320 2433 2133 420 -476.00 160.80 -167.00 313 
3644 18304 76 387 2822 723 -478.00 160.13 -165.00 314 
2908 15728 1652 -610 1064 1870 -476.00 158.79 -165.00 313 
3040 13080 4 -1026 826 1316 -475.00 160.13 -165.00 314 
3564 15384 -660 -1272 2002 -182 -469.00 162.81 -166.00 314 
3916 17508 -328 -1481 3724 1107 -470.00 159.46 -166.00 313 
4112 15572 548 -1501 4947 2466 -469.00 158.12 -169.00 313 
3808 13264 668 -1510 5894 1952 -464.00 157.45 -170.00 312 
3188 12756 1396 -647 6462 1377 -460.00 156.78 -176.00 311 
3048 13160 1060 792 6891 1413 -457.00 157.45 -179.00 311 
3448 14244 524 1671 8116 1150 -458.00 154.77 -179.00 310 
3540 15364 232 2182 9337 690 -455.00 151.42 -181.00 309 
3452 15708 328 2007 10630 692 -455.00 148.74 -185.00 308 
3268 15336 -88 1819 11467 697 -456.00 146.06 -184.00 308 
3276 14928 -284 1550 12238 296 -456.00 138.69 -188.00 306 
3100 15360 -332 1096 12526 -493 -457.00 135.34 -189.00 305 
3224 16672 -500 579 13248 -946 -455.00 128.64 -194.00 303 
3976 17816 -1440 -62 14039 -1202 -457.00 121.94 -195.00 302 
4048 18000 -1248 -1027 14931 -1224 -456.00 113.23 -201.00 299 
4220 18076 -1064 -1666 15059 -932 -457.00 105.19 -202.00 297 
4168 17364 -1876 -1700 15483 -561 -453.00 96.48 -209.00 294 
4292 16004 -1624 -1987 16046 -935 -453.00 87.10 -212.00 292 
4408 16204 -612 -2604 15885 -1362 -454.00 78.39 -216.00 289 
2940 16812 -2460 -1530 15829 -807 -450.00 69.68 -221.00 287 
2864 16580 -1792 -952 16439 -34 -450.00 61.64 -224.00 285 
3024 16956 -1780 -1049 16834 441 -449.00 52.93 -227.00 283 
3040 16416 -2600 -1145 17375 733 -451.00 42.21 -228.00 280 
2472 15392 -1196 -1243 17549 286 -452.00 33.50 -231.00 278 
2164 15204 -64 -1449 16893 135 -451.00 24.12 -232.00 275 
2120 15596 48 -1724 16228 -40 -453.00 13.40 -235.00 273 
2168 15488 -448 -1787 15931 180 -452.00 4.69 -234.00 271 
2260 15156 -980 -1521 15889 512 -451.00 -3.35 -233.00 269 
2084 14680 -832 -1522 16099 242 -451.00 -12.73 -235.00 266 
2388 15692 700 -2058 15970 2 -453.00 -20.77 -236.00 264 
2584 16644 676 -2700 15697 145 -452.00 -31.49 -235.00 262 
3092 16964 592 -3263 15861 567 -452.00 -40.20 -232.00 260 
2940 16344 820 -3682 15911 1165 -452.00 -48.91 -232.00 258 
2612 15684 1296 -3957 16160 1453 -451.00 -56.28 -233.00 256 
2788 14940 2172 -3856 16047 1531 -449.00 -64.32 -234.00 254 
2616 15184 2196 -3422 16080 1227 -451.00 -71.69 -233.00 252 
2508 15796 2984 -1798 15762 1548 -450.00 -81.07 -233.00 250 
1912 15248 2872 56 15481 1895 -451.00 -89.11 -230.00 248 
1708 15116 2380 1458 15408 1465 -452.00 -94.47 -227.00 247 
1648 15116 2384 2010 14984 800 -457.00 -101.17 -220.00 245 
1504 15412 1588 1974 14614 -37 -460.00 -111.89 -213.00 242 
1068 16032 1268 1632 14153 -336 -463.00 -117.25 -207.00 240 
440 15520 984 1541 13933 -141 -465.00 -124.62 -199.00 237 
392 14884 1088 1131 13922 -795 -469.00 -132.66 -193.00 235 
480 16416 1048 676 14178 -1407 -473.00 -140.03 -186.00 233 
784 17716 1248 467 14127 -390 -474.00 -146.73 -178.00 230 
860 15892 1180 413 13838 122 -478.00 -154.10 -174.00 228 
800 14556 1700 170 13362 -922 -479.00 -160.13 -167.00 226 
764 15560 1860 -80 13012 -1806 -482.00 -166.83 -160.00 223 
984 15848 1648 -316 13035 -1840 -481.00 -172.19 -152.00 221 
1260 15684 1552 -710 12969 -1764 -485.00 -180.90 -147.00 219 
1248 15260 1984 -728 12605 -1315 -484.00 -188.27 -141.00 216 
1124 14296 1472 -733 12503 -1531 -484.00 -194.30 -138.00 215 
1012 14940 696 -825 13344 -1697 -485.00 -198.99 -129.00 212 
1536 16444 1080 -598 13815 278 -486.00 -205.02 -123.00 210 
2076 15872 804 252 13951 1508 -488.00 -209.71 -117.00 209 
2720 15548 -1008 1132 14893 172 -490.00 -214.40 -110.00 207 
2824 15912 -1512 1292 16432 -1803 -495.00 -217.75 -102.00 205 
2116 16880 36 466 16898 -1215 -495.00 -224.45 -89.00 201 
2104 16564 -676 -53 15690 5 -497.00 -227.80 -80.00 199 
2508 16708 -1620 -923 15661 -677 -497.00 -232.49 -68.00 196 
2680 17940 -1908 -835 15842 -1040 -501.00 -235.17 -60.00 194 
2496 18328 -2260 -811 15864 -129 -501.00 -239.86 -52.00 192 
2280 16832 -2484 -1421 16203 767 -502.00 -242.54 -43.00 190 
2220 16500 -2980 -2342 16142 1479 -507.00 -247.23 -34.00 187 
1900 15540 -3552 -2336 15920 2467 -509.00 -246.56 -26.00 186 
1732 13712 -3692 -1526 15655 2061 -511.00 -244.55 -17.00 183 
1100 13456 -4180 -726 15846 555 -515.00 -245.22 -6.00 181 
668 14900 -2644 -429 15504 564 -517.00 -244.55 3.00 179 
520 15304 -2892 64 14293 1219 -519.00 -243.21 10.00 177 
756 15324 -3292 171 13147 1256 -521.00 -241.87 21.00 175 
916 15940 -3260 14 12427 1008 -524.00 -240.53 30.00 172 
1036 16336 -3712 134 11940 900 -525.00 -238.52 37.00 171 
884 16496 -3428 65 12495 586 -527.00 -237.18 46.00 169 
984 16672 -2900 -970 11817 287 -528.00 -234.50 56.00 166 
1124 16880 -2672 -1904 11168 666 -527.00 -233.83 63.00 164 
1144 16068 -2768 -2187 10466 1253 -527.00 -229.14 68.00 163 
624 14944 -2972 -1582 10623 1297 -532.00 -227.80 71.00 162 
480 14196 -2360 -705 10774 380 -533.00 -225.12 79.00 160 
440 15680 -1640 -493 10241 -468 -532.00 -219.76 85.00 158 
172 16540 -1468 -595 9276 -39 -531.00 -219.09 89.00 157 
24 16404 -1668 -441 8089 630 -532.00 -217.08 93.00 156 
-148 15668 -2004 59 7127 913 -532.00 -214.40 100.00 154 
-436 15560 -2176 358 6426 422 -531.00 -212.39 107.00 153 
-728 16544 -1940 313 5872 513 -532.00 -208.37 109.00 152 
-520 17224 -1504 272 5344 1565 -531.00 -206.36 113.00 151 
-24 16464 -1632 518 4212 2154 -527.00 -203.01 115.00 150 
176 16248 -2224 100 3789 1842 -531.00 -201.00 121.00 148 
-112 16084 -1088 -140 3390 1587 -532.00 -197.65 123.00 148 
-884 15240 -332 159 2473 1728 -528.00 -195.64 126.00 147 
-1084 13984 48 411 1658 1054 -530.00 -192.29 128.00 146 
-1124 14972 8 516 1307 412 -529.00 -190.95 129.00 145 
-1224 15960 516 900 1078 931 -527.00 -190.28 133.00 145 
-1076 15476 432 1193 793 1295 -527.00 -188.27 134.00 144 
-720 15908 628 920 717 783 -524.00 -186.26 135.00 144 
-296 17288 876 379 571 549 -522.00 -184.92 137.00 143 
-272 18360 1036 -532 516 1172 -524.00 -184.25 137.00 143 
-216 17092 456 -1305 464 1601 -522.00 -183.58 139.00 142 
-436 16072 308 -1608 978 1145 -520.00 -182.91 140.00 142 
-868 15680 504 -1465 1690 1265 -522.00 -181.57 140.00 142 
-772 15332 1196 -1021 1700 1464 -520.00 -181.57 136.00 143 
-524 15476 1192 -1007 1346 1391 -522.00 -178.89 137.00 142 
-496 15896 1284 -1425 848 1089 -524.00 -174.87 139.00 141 
-288 16132 648 -1784 491 1000 -523.00 -176.21 140.00 141 
-152 16032 812 -1866 623 974 -524.00 -174.87 138.00 141 
-588 15640 1284 -1717 590 1185 -524.00 -173.53 135.00 142 
-808 15196 1716 -1392 109 1135 -523.00 -173.53 135.00 142 
-1004 15196 1300 -1106 2 926 -523.00 -172.19 133.00 142 
-1112 15208 1156 -883 68 915 -526.00 -172.19 131.00 142 
-1192 15504 1116 -736 61 908 -528.00 -170.18 131.00 142 
-1008 16008 756 -697 209 993 -527.00 -171.52 132.00 142 
-872 15860 872 -628 508 1220 -529.00 -170.85 132.00 142 
-844 15508 872 -661 515 1018 -530.00 -169.51 130.00 142 
-1004 15984 764 -928 376 1070 -529.00 -169.51 130.00 142 
-796 15648 872 -1036 205 1424 -532.00 -168.84 131.00 142 
-868 15408 -160 -944 -34 1902 -531.00 -166.83 132.00 141 
-696 14196 580 -1054 378 805 -532.00 -168.84 129.00 142 
-860 15220 992 -677 384 772 -534.00 -166.83 129.00 142 
-1048 15188 1072 -63 237 1357 -536.00 -166.83 129.00 142 
-1228 15040 1496 378 -99 1627 -535.00 -165.49 130.00 141 
-1020 14620 988 403 -246 1383 -537.00 -164.82 130.00 141 
-972 15400 956 292 -423 708 -539.00 -165.49 130.00 141 
-1092 16788 1104 368 -494 1061 -538.00 -164.15 130.00 141 
-932 17024 828 470 -453 1538 -540.00 -165.49 132.00 141 
-928 16936 1320 141 -317 1693 -540.00 -163.48 134.00 140 
-936 16468 1216 -77 -472 1339 -542.00 -164.15 133.00 140 
-1160 16380 1300 -227 -555 898 -544.00 -163.48 134.00 140 
-1268 16104 1504 -264 -906 425 -545.00 -164.82 134.00 140 
-1380 16036 1172 35 -1312 486 -546.00 -166.83 131.00 141 
-1260 16408 284 308 -1007 743 -546.00 -165.49 132.00 141 
-780 15972 332 427 -690 640 -547.00 -169.51 133.00 141 
48 16492 12 5 -308 -376 -548.00 -170.85 133.00 142 
568 17820 84 -436 -294 -1086 -551.00 -172.19 134.00 142 
796 18740 172 -655 -333 -380 -547.00 -173.53 133.00 142 
1412 19248 732 -737 -927 1258 -550.00 -178.22 133.00 143 
1908 18452 -316 -1029 -1422 2037 -554.00 -178.22 132.00 143 
3344 19092 -848 -991 -1256 792 -554.00 -178.22 128.00 144 
2836 18892 -468 -987 -1098 2 -553.00 -181.57 126.00 145 
1460 15844 336 -1072 -1661 -124 -555.00 -182.24 126.00 145 
584 13716 444 -309 -2833 794 -556.00 -185.59 121.00 146 
940 12244 -752 699 -3709 1168 -554.00 -187.60 117.00 148 
1932 15236 -2456 733 -3301 301 -555.00 -188.27 118.00 147 
3040 17740 -2616 45 -2369 4 -553.00 -191.62 117.00 148 
3500 18516 -2652 -292 -992 256 -553.00 -192.96 117.00 148 
3288 17496 -1840 -1242 156 277 -552.00 -195.64 113.00 149 
2448 15356 -540 -1456 -11 648 -552.00 -197.65 112.00 150 
1552 13100 -264 -1202 -1245 1131 -555.00 -196.31 109.00 150 
1288 11940 -1384 -765 -1996 892 -554.00 -198.99 105.00 152 
1136 12508 -1920 -442 -1358 18 -551.00 -198.32 103.00 152 
724 13744 -1248 171 -836 134 -553.00 -201.00 102.00 153 
508 12856 -868 453 -802 337 -552.00 -201.67 102.00 153 
172 13476 -456 189 -1204 446 -549.00 -202.34 102.00 153 
-116 13636 32 -328 -1875 864 -552.00 -206.36 101.00 153 
80 14032 -680 -533 -2324 956 -549.00 -207.70 100.00 154 
-40 14244 -980 -766 -1599 629 -549.00 -207.03 97.00 154 
-624 14892 -376 -1073 -835 287 -550.00 -208.37 97.00 155 
-1056 15212 -60 -1159 -648 381 -550.00 -210.38 96.00 155 
-1236 15572 -344 -1076 -553 650 -549.00 -214.40 95.00 156 
-728 15668 -900 -1028 -352 606 -549.00 -213.73 93.00 156 
-228 16460 -1964 -1152 305 355 -548.00 -214.40 90.00 157 
132 17068 -1324 -1457 804 -292 -549.00 -216.41 93.00 156 
188 18020 -804 -2256 1392 -1236 -545.00 -219.76 89.00 157 
516 18636 -292 -2401 1479 -1461 -546.00 -221.77 89.00 158 
720 18644 -920 -2010 1697 -1790 -544.00 -223.78 85.00 159 
56 19488 496 -1386 1899 -1607 -541.00 -227.13 83.00 159 
1820 22048 2024 -1370 957 774 -539.00 -231.82 84.00 160 
2116 22424 2460 -1645 156 2442 -533.00 -232.49 83.00 160 
2420 20904 1524 -2367 121 1975 -536.00 -231.15 78.00 161 
2716 18644 684 -1366 1152 1545 -537.00 -231.15 77.00 161 
2048 15044 1784 74 2744 825 -535.00 -229.81 75.00 161 
1900 13428 1764 464 2853 -324 -532.00 -229.81 75.00 161 
2716 13888 2140 1040 2459 -435 -530.00 -231.82 76.00 161 
3296 14988 1992 1181 1805 294 -526.00 -231.82 76.00 161 
3196 15288 1348 1418 1520 397 -522.00 -232.49 79.00 161 
2752 15564 428 1364 1980 -3 -520.00 -233.83 81.00 160 
2728 15336 200 1171 3339 39 -518.00 -234.50 84.00 160 
2468 14144 948 760 3370 209 -515.00 -235.17 86.00 159 
1964 12632 1460 622 2437 636 -511.00 -235.17 88.00 159 
1464 11420 972 904 1317 770 -512.00 -236.51 91.00 158 
856 11772 200 1485 1107 607 -506.00 -236.51 93.00 158 
660 13068 -312 1958 1570 979 -505.00 -235.84 92.00 158 
924 13500 -696 1903 2306 1312 -501.00 -237.18 97.00 157 
856 13740 -188 1451 2526 790 -500.00 -235.84 98.00 157 
372 14772 240 1151 1951 744 -500.00 -235.17 102.00 156 
188 14964 364 882 1142 1286 -497.00 -237.18 103.00 156 
-212 14896 -296 318 999 836 -495.00 -237.85 106.00 155 
-220 15408 56 -625 961 -37 -494.00 -237.85 106.00 155 
-312 15908 36 -1119 737 -196 -490.00 -237.18 107.00 155 
-412 15524 56 -1447 405 -255 -487.00 -240.53 106.00 156 
-412 15984 -24 -1562 367 -770 -483.00 -241.20 104.00 156 
-400 17140 492 -1404 296 -383 -483.00 -245.22 102.00 157 
40 17444 716 -1135 0 33 -480.00 -246.56 103.00 157 
40 17404 668 -120 -45 -380 -477.00 -247.23 102.00 157 
184 18068 432 589 -76 -831 -473.00 -247.90 102.00 157 
-68 18652 -36 1494 -490 -323 -466.00 -251.25 100.00 158 
1156 19532 396 2037 -1808 720 -464.00 -251.25 102.00 157 
1860 20480 -568 2065 -3538 1392 -457.00 -252.59 101.00 158 
3444 21676 -3592 1693 -3560 1574 -454.00 -255.27 101.00 158 
4036 21704 -3076 246 -2430 909 -454.00 -255.94 100.00 158 
3224 19764 -1904 -1308 -2230 729 -449.00 -257.95 100.00 158 
2236 16100 -656 -2068 -2794 1257 -446.00 -256.61 96.00 159 
1876 13504 -1492 -2256 -3435 1386 -442.00 -255.27 93.00 159 
2228 12592 -1860 -1550 -3272 562 -441.00 -255.94 90.00 160 
2592 14040 -1028 -1059 -3031 -284 -440.00 -253.93 86.00 161 
2720 14684 -968 -1293 -3124 124 -436.00 -255.27 81.00 162 
2756 13692 -1520 -1988 -3151 76 -431.00 -256.61 78.00 163 
2504 13268 -1112 -2492 -2732 303 -429.00 -257.28 74.00 163 
2056 12484 -824 -2482 -2416 379 -426.00 -256.61 71.00 164 
1712 13068 -784 -1928 -1927 691 -422.00 -257.95 69.00 165 
1448 13024 -808 -927 -1511 1189 -420.00 -258.62 64.00 166 
1460 13300 -1036 -578 -811 952 -418.00 -255.94 63.00 166 
1324 13788 -1032 -625 -262 1073 -414.00 -256.61 64.00 166 
1368 13912 -812 -807 -67 872 -412.00 -255.27 61.00 166 
1252 14292 -920 -705 -84 821 -409.00 -257.28 61.00 166 
920 14448 -1116 -726 205 685 -408.00 -255.27 61.00 166 
732 14832 -1084 -854 563 320 -403.00 -255.27 60.00 166 
684 15736 -1244 -1168 905 358 -401.00 -255.94 58.00 167 
168 14624 -1136 -1266 999 218 -398.00 -254.60 60.00 166 
-544 14056 -892 -1101 1216 -621 -395.00 -254.60 61.00 166 
-496 15276 -1004 -1143 1559 -1328 -391.00 -255.27 61.00 166 
264 16548 -536 -1209 1741 -1303 -385.00 -256.61 62.00 166 
1072 18136 -452 -1008 2070 -891 -384.00 -256.61 60.00 166 
1280 19272 -32 -727 2217 59 -377.00 -257.28 61.00 166 
1356 19784 -152 -609 2672 -481 -375.00 -257.28 63.00 166 
2196 23208 80 -1635 4187 -1486 -367.00 -254.60 64.00 165 
3548 23780 1496 -3057 3695 2156 -364.00 -257.28 68.00 165 
3876 19372 992 -2414 3879 2505 -359.00 -252.59 68.00 164 
3024 14896 1000 -795 4486 782 -359.00 -249.24 68.00 164 
2060 12924 2600 426 4824 -927 -356.00 -247.23 72.00 163 
2712 13360 3240 1211 3408 -668 -354.00 -246.56 74.00 163 
3568 13808 820 1508 2004 -314 -350.00 -244.55 79.00 162 
3640 14244 1620 1616 1521 -649 -348.00 -243.21 82.00 161 
2928 14148 1812 2233 518 -1024 -342.00 -241.20 84.00 160 
2332 14692 1356 1909 714 -1035 -340.00 -242.54 83.00 161 
1620 14128 1028 1507 713 -762 -335.00 -240.53 85.00 160 
1152 13468 128 954 673 -80 -331.00 -241.87 88.00 160 
792 13108 -372 593 916 351 -324.00 -241.87 88.00 160 
316 13112 -824 347 1736 394 -324.00 -239.19 89.00 159 
-84 13032 252 640 1879 534 -324.00 -239.19 90.00 159 
-276 12748 164 837 1439 824 -322.00 -238.52 91.00 159 
-192 13016 -380 1004 1109 354 -317.00 -238.52 93.00 158 
-232 14104 -24 1141 699 185 -315.00 -237.18 95.00 158 
-404 15044 364 1155 32 409 -311.00 -234.50 95.00 157 
-328 15196 860 446 -696 113 -309.00 -235.84 97.00 157 
-568 15696 1084 -516 -1326 -446 -303.00 -237.18 95.00 158 
-744 15688 892 -1141 -1906 -853 -303.00 -237.18 96.00 157 
-1156 15832 380 -1337 -2232 -958 -299.00 -235.84 95.00 158 
-1584 15712 64 -1080 -2751 -724 -295.00 -237.18 92.00 158 
-1564 15880 -560 -603 -2582 -490 -290.00 -237.85 89.00 159 
-860 16416 -364 -85 -2109 -775 -289.00 -238.52 87.00 159 
-136 17860 -488 428 -1593 -887 -284.00 -241.20 87.00 160 
-196 18836 -588 260 -1059 -445 -283.00 -241.20 87.00 160 
32 19748 68 102 -1097 966 -278.00 -239.19 85.00 160 
1648 20476 624 -442 -2933 1941 -272.00 -238.52 85.00 160 
2860 21764 -1428 -98 -3411 1408 -273.00 -238.52 83.00 160 
3772 22176 -1964 -358 -2799 192 -271.00 -237.18 78.00 161 
3216 20580 -416 -1442 -2568 -543 -267.00 -238.52 77.00 162 
1972 16404 4 -2158 -3717 432 -267.00 -237.85 77.00 162 
2116 13524 -532 -2421 -4342 1374 -262.00 -237.85 75.00 162 
2456 12552 -1588 -617 -3979 1624 -263.00 -238.52 68.00 164 
3756 14392 -2020 442 -2354 -17 -260.00 -237.18 65.00 164 
3596 16740 -552 697 -1331 66 -257.00 -237.85 64.00 164 
2900 15188 776 153 -1863 1113 -256.00 -236.51 64.00 164 
2372 11708 308 -315 -2707 1215 -254.00 -236.51 61.00 165 
1916 11160 -328 -341 -2673 459 -253.00 -235.84 61.00 165 
1472 12688 -508 284 -1770 411 -251.00 -235.84 60.00 165 
1160 13724 220 183 -968 861 -247.00 -235.84 56.00 166 
1212 14068 -708 -295 -54 1038 -248.00 -234.50 57.00 166 
960 14848 -460 -710 1100 1318 -245.00 -235.17 58.00 166 
484 14880 -204 -1231 2085 1043 -244.00 -233.83 57.00 166 
384 15236 80 -1805 2911 1049 -242.00 -233.16 60.00 165 
420 15040 -112 -2070 3298 744 -240.00 -232.49 58.00 165 
72 15204 100 -2301 3581 577 -239.00 -231.15 60.00 165 
-240 14888 136 -2126 3413 449 -240.00 -231.15 62.00 164 
-572 14060 -60 -2043 2936 4 -235.00 -230.48 65.00 164 
-668 14300 -676 -1773 2723 -1031 -234.00 -227.80 64.00 164 
-508 15252 -780 -1496 2749 -1097 -231.00 -227.80 64.00 164 
116 16432 -856 -2101 2776 -1313 -228.00 -228.47 67.00 163 
288 17824 8 -2536 2694 -1385 -224.00 -229.14 66.00 163 
8 18028 656 -1793 1980 -517 -222.00 -227.80 69.00 163 
-152 16720 76 -932 1746 -203 -220.00 -227.13 69.00 163 
216 18056 -276 -316 2106 -1085 -215.00 -227.13 70.00 162 
1764 22712 716 -884 2256 -317 -214.00 -228.47 71.00 162 
2160 25884 -284 -2305 3293 1260 -210.00 -227.13 73.00 162 
3468 23940 -208 -4140 4141 2072 -209.00 -226.46 74.00 161 
3464 19816 676 -4196 5045 1256 -207.00 -225.12 76.00 161 
2248 15600 2956 -3228 4847 -52 -209.00 -223.78 77.00 161 
824 12272 3892 -2308 3751 -1135 -210.00 -219.09 79.00 160 
836 10724 3316 -1134 2257 -1360 -204.00 -219.09 79.00 160 
2360 12076 1132 365 1945 -411 -205.00 -218.42 81.00 159 
2928 14028 728 1114 2541 -412 -200.00 -217.08 84.00 158 
3440 16196 628 1933 3786 -486 -196.00 -217.75 85.00 158 
3116 17016 1076 1694 4411 -210 -195.00 -216.41 88.00 157 
2628 16416 700 306 4751 139 -194.00 -215.74 90.00 157 
1916 14608 1680 -927 3700 661 -191.00 -215.74 95.00 156 
940 12816 728 -1308 2668 833 -189.00 -210.38 95.00 155 
212 11940 916 -538 2405 575 -189.00 -210.38 97.00 155 
-296 11884 1016 862 1979 869 -190.00 -210.38 99.00 154 
-392 11724 716 1872 1283 991 -183.00 -209.71 101.00 154 
-288 12576 136 2331 894 628 -183.00 -210.38 102.00 154 
-368 14172 364 2720 715 692 -183.00 -209.04 106.00 153 
-516 15124 316 2655 732 848 -178.00 -207.70 106.00 152 
-300 15384 316 2134 785 852 -178.00 -209.04 108.00 152 
-336 15520 404 1150 657 304 -173.00 -209.71 109.00 152 
-544 16140 904 273 656 -163 -173.00 -209.71 110.00 152 
-764 16404 1332 -328 394 -270 -169.00 -211.05 112.00 152 
-1124 15752 1520 -371 -223 -274 -167.00 -211.72 111.00 152 
-1140 15664 888 -249 -399 -474 -164.00 -212.39 114.00 151 
-776 16280 1220 -224 -349 -403 -161.00 -213.73 111.00 152 
-236 16660 880 -356 -444 -250 -159.00 -213.73 112.00 152 
-288 16628 692 -254 -194 -15 -155.00 -215.74 112.00 152 
-868 16452 28 251 413 518 -153.00 -217.08 113.00 152 
-276 17044 760 265 1070 1819 -152.00 -217.08 113.00 152 
1260 18724 152 1008 -362 2230 -148.00 -218.42 115.00 152 
2240 20992 -1880 1853 375 1884 -145.00 -218.42 116.00 152 
3188 22124 -1356 2304 772 2506 -143.00 -218.42 118.00 151 
2976 19260 -776 1895 716 1881 -141.00 -219.76 119.00 151 
2684 17292 172 628 -625 963 -137.00 -219.09 118.00 151 
2188 14512 -968 -74 -2218 1196 -133.00 -219.76 120.00 151 
1640 11980 -1256 180 -2504 696 -133.00 -219.76 117.00 151 
2040 12212 -1428 170 -2430 1199 -131.00 -221.77 117.00 152 
3036 13536 -1700 -76 -1942 848 -125.00 -221.10 113.00 152 
4444 17280 -1176 -291 -1309 -24 -125.00 -221.10 112.00 153 
4784 19352 -680 -586 -770 1259 -120.00 -221.77 114.00 152 
4504 17092 -72 -743 -624 2087 -118.00 -223.11 110.00 153 
3872 14700 -200 -643 -472 1726 -117.00 -223.78 108.00 154 
3300 13764 -592 -231 -44 1378 -115.00 -222.44 109.00 153 
3064 13872 -1248 600 761 1793 -115.00 -223.11 111.00 153 
2672 14092 -1044 1037 1945 2516 -113.00 -221.77 109.00 153 
2772 13840 -1524 654 2704 2245 -112.00 -220.43 111.00 153 
3012 14564 -1540 494 3477 2142 -111.00 -219.09 113.00 152 
3016 14872 -1560 643 4107 2170 -112.00 -219.09 113.00 152 
2884 15260 -1092 581 4619 1389 -109.00 -219.09 116.00 152 
2804 15824 -740 783 4855 575 -107.00 -216.41 118.00 151 
2532 16528 -676 687 4901 -184 -106.00 -215.07 121.00 150 
2708 16696 -264 459 4720 -730 -102.00 -213.73 125.00 149 
2208 15996 -936 404 4714 -1117 -103.00 -211.05 127.00 148 
2172 16380 -1520 263 4273 -2020 -99.00 -211.72 130.00 148 
1992 18020 -2072 -422 5129 -2106 -96.00 -209.04 131.00 147 
2292 17752 -1476 -941 5591 -1204 -92.00 -207.70 136.00 146 
1772 16688 -1448 -1948 5726 -1650 -93.00 -204.35 136.00 146 
1460 17620 -388 -2714 5783 -1231 -89.00 -202.34 139.00 145 
2028 18196 128 -2150 4752 809 -88.00 -201.00 142.00 144 
1884 16088 -1244 -1477 4679 1083 -88.00 -198.32 146.00 143 
1728 15344 -1060 -960 5041 820 -88.00 -196.31 147.00 143 
1568 14136 -420 -425 4841 909 -88.00 -193.63 148.00 142 
1496 13932 -52 -109 4064 579 -88.00 -191.62 151.00 141 
1576 14536 -588 169 3390 140 -90.00 -187.60 153.00 140 
1532 14892 148 351 2563 6 -86.00 -186.26 156.00 140 
1376 15088 48 240 1599 288 -87.00 -186.26 157.00 139 
1528 15480 -32 90 767 425 -83.00 -185.59 159.00 139 
1700 16088 -664 113 196 601 -82.00 -183.58 159.00 139 
1700 16460 -1416 -104 806 559 -83.00 -182.91 156.00 139 
1860 17028 -520 -298 1542 866 -83.00 -182.91 158.00 139 
2008 15976 -316 -721 1892 1159 -82.00 -182.24 159.00 138 
2076 14996 116 -1034 1945 849 -82.00 -181.57 159.00 138 
2008 14756 404 -847 1710 834 -80.00 -182.24 160.00 138 
2220 14716 236 -466 1454 729 -84.00 -180.23 161.00 138 
2284 15256 -4 -46 1886 453 -81.00 -179.56 161.00 138 
2380 16248 -4 425 2713 386 -79.00 -178.22 164.00 137 
2452 16520 0 422 3591 477 -80.00 -176.88 165.00 136 
2780 16488 224 332 4227 646 -77.00 -174.87 167.00 136 
2784 16704 456 215 5023 610 -79.00 -173.53 167.00 136 
2664 16512 636 30 5946 368 -80.00 -172.19 171.00 135 
2580 16372 792 -354 6689 106 -78.00 -168.84 171.00 134 
2600 16040 860 -520 7239 -46 -78.00 -167.50 176.00 133 
2820 15688 692 -657 7753 -88 -78.00 -162.81 177.00 132 
2948 15680 720 -719 8436 105 -77.00 -157.45 181.00 131 
3072 15388 804 -492 9259 402 -78.00 -156.11 183.00 130 
3112 15356 700 -345 10079 655 -79.00 -150.08 187.00 128 
3056 15248 580 57 10750 892 -79.00 -142.71 190.00 126 
3476 15584 620 196 11583 847 -80.00 -138.02 192.00 125 
3584 16020 608 155 12489 511 -78.00 -132.66 196.00 124 
3684 16316 988 20 13033 459 -79.00 -125.96 202.00 121 
3580 16112 1372 -391 13805 2 -80.00 -118.59 204.00 120 
3424 16408 1936 -853 14116 -566 -80.00 -110.55 208.00 117 
3620 16848 1572 -1237 14526 -600 -82.00 -101.84 209.00 115 
3532 16360 1396 -1454 15080 -712 -84.00 -93.80 213.00 113 
3632 16104 1952 -1592 15308 -1001 -91.00 -85.09 218.00 111 
3520 16828 1816 -1484 15285 -876 -88.00 -75.71 217.00 109 
3548 16344 1296 -1168 15444 -572 -91.00 -67.00 222.00 106 
3488 16016 836 -769 15379 -468 -90.00 -55.61 221.00 104 
3192 15772 668 -461 15618 -900 -96.00 -46.23 223.00 101 
3024 15912 1056 -156 15541 -1333 -97.00 -37.52 225.00 99 
2808 16144 1276 353 15032 -1497 -97.00 -28.14 225.00 97 
2404 15936 888 409 14531 -1593 -100.00 -18.09 225.00 94 
2112 15708 264 399 14325 -1769 -104.00 -10.05 227.00 92 
1948 15772 212 311 14463 -1810 -103.00 0.00 223.00 90 
1780 15880 -40 49 14500 -1781 -107.00 8.71 224.00 87 
1824 15692 268 -235 14396 -1464 -110.00 18.76 221.00 85 
1368 15084 -260 -386 13861 -1488 -112.00 29.48 219.00 82 
1064 14528 -916 -70 12686 -1115 -115.00 38.19 217.00 80 
712 14208 -1092 233 12050 -731 -116.00 45.56 215.00 78 
348 15120 -1432 262 11342 -876 -121.00 53.60 211.00 75 
452 16680 -1468 29 10648 -287 -120.00 59.63 212.00 74 
484 16520 -1352 132 9874 755 -123.00 67.00 209.00 72 
816 15528 -2132 94 8946 75 -125.00 72.36 208.00 70 
884 16372 -1776 -417 8334 -962 -128.00 77.05 204.00 69 
720 16592 -1248 -1043 7289 -634 -129.00 84.42 203.00 67 
500 14992 -916 -1132 5700 -341 -133.00 87.10 199.00 66 
332 13944 -1508 -1256 4715 -677 -135.00 91.79 196.00 64 
192 14988 -1936 -1013 4735 -592 -138.00 95.81 193.00 63 
324 15620 -1712 -477 5422 -232 -140.00 98.49 192.00 62 
712 15704 -1432 -577 5849 -94 -142.00 99.83 189.00 62 
1048 16112 -1124 -875 6078 136 -141.00 102.51 188.00 61 
1148 16500 -1236 -845 6162 814 -144.00 107.20 187.00 60 
1520 16464 -1680 -734 6593 1197 -145.00 110.55 185.00 59 
1644 16912 -1560 -666 7401 1027 -151.00 113.23 183.00 58 
1408 16932 -760 -707 8126 933 -152.00 118.59 179.00 56 
1204 15856 132 -759 8075 750 -150.00 121.94 174.00 54 
1152 15556 276 -412 7716 738 -150.00 126.63 169.00 53 
1108 15316 52 5 7450 685 -152.00 130.65 166.00 51 
956 15372 -416 151 7735 264 -152.00 134.67 164.00 50 
1024 16160 -604 198 8195 297 -151.00 138.02 160.00 49 
1300 16252 -740 -33 8757 276 -152.00 144.05 156.00 47 
1484 16472 -912 -433 9403 282 -153.00 146.73 155.00 46 
1116 16256 -816 -665 9979 698 -152.00 152.09 151.00 44 
1108 15740 -628 -854 10242 894 -151.00 155.44 144.00 42 
1328 15344 -1056 -884 10772 244 -155.00 161.47 140.00 40 
1416 16364 -1060 -1133 11131 -326 -154.00 166.16 133.00 38 
1424 16804 -808 -1385 11233 -20 -154.00 170.85 127.00 36 
1524 16000 -1044 -1547 11180 385 -154.00 174.20 122.00 35 
1484 15024 -1028 -1545 11163 227 -156.00 179.56 116.00 32 
1688 15380 -1288 -1165 11485 72 -155.00 184.25 108.00 30 
1732 16104 -1232 -723 11974 276 -155.00 186.93 102.00 28 
1840 15652 -912 -672 12507 388 -156.00 190.95 96.00 26 
1688 15460 -1048 -668 12493 348 -156.00 196.31 87.00 23 
1776 15492 -1452 -562 12519 216 -156.00 199.66 84.00 22 
1752 15452 -1144 -186 12495 306 -155.00 202.34 75.00 20 
1796 15816 -1780 -111 12597 243 -155.00 208.37 68.00 18 
1736 16492 -1432 -298 12896 323 -154.00 210.38 60.00 15 
1884 16356 -1664 -660 13145 359 -155.00 212.39 53.00 14 
1592 16272 -1472 -1066 13075 233 -152.00 215.07 46.00 12 
1344 16252 -1376 -1461 13301 91 -153.00 217.08 38.00 9 
1320 16348 -864 -1575 13329 -49 -150.00 220.43 30.00 7 
1388 16816 -856 -1797 13216 473 -150.00 223.78 20.00 5 
1568 16492 -1048 -2007 12988 761 -149.00 226.46 13.00 3 
1500 16092 -1372 -1699 12495 987 -150.00 225.79 2.00 0 
1440 15364 -1164 -976 12936 1143 -148.00 229.14 -4.00 359 
1024 15072 -752 -399 12890 915 -147.00 229.14 -13.00 356 
1016 15104 -204 46 11894 895 -145.00 229.14 -21.00 354 
872 15064 -324 194 11138 703 -144.00 229.81 -29.00 352 
920 15432 -892 257 10701 619 -142.00 229.81 -35.00 351 
848 15304 -788 592 10379 779 -140.00 230.48 -44.00 349 
828 15736 -900 598 10426 610 -140.00 230.48 -49.00 348 
820 15848 -496 364 10468 680 -137.00 229.14 -55.00 346 
956 15952 -80 -288 10205 527 -136.00 231.15 -62.00 344 
1024 16780 300 -738 9340 861 -135.00 229.14 -68.00 343 
824 16016 -424 -968 8770 1211 -135.00 229.14 -72.00 342 
460 15624 -392 -955 8604 927 -133.00 227.80 -79.00 340 
120 15868 -500 -909 8522 944 -131.00 227.80 -83.00 339 
120 15824 -512 -1221 8368 787 -128.00 227.80 -88.00 338 
104 16428 -348 -1507 8235 1071 -124.00 225.79 -93.00 337 
44 15864 20 -1488 7686 1582 -127.00 225.12 -97.00 336 
-316 15524 -24 -1735 7268 1140 -123.00 223.78 -105.00 334 
-688 15708 228 -1617 6844 1143 -120.00 222.44 -109.00 333 
-1024 15104 240 -1240 6403 1376 -115.00 222.44 -114.00 332 
-1068 15016 232 -798 5776 1087 -118.00 221.10 -114.00 332 
-916 15092 36 -184 5139 810 -117.00 219.76 -120.00 331 
-1092 15592 -248 185 4373 540 -115.00 217.75 -122.00 330 
-1132 16188 -424 100 3596 627 -111.00 215.74 -125.00 329 
-1024 16024 -1152 98 3058 634 -109.00 215.74 -129.00 329 
-928 15956 -1296 101 2604 636 -109.00 215.07 -131.00 328 
-1236 15620 -1244 -18 2071 404 -108.00 217.08 -132.00 328 
-1024 16484 -1172 -248 1681 580 -110.00 215.07 -132.00 328 
-808 16332 -1100 -489 1330 910 -109.00 214.40 -135.00 327 
-788 16240 -412 -739 900 918 -110.00 214.40 -133.00 328 
-852 16076 -92 -812 190 898 -106.00 214.40 -134.00 327 
-1012 16124 -64 -640 -406 1464 -106.00 215.74 -136.00 327 
-1000 15400 -408 -408 -685 1422 -106.00 213.73 -135.00 327 
-1064 15940 -68 -439 -866 1020 -106.00 214.40 -136.00 327 
-1160 16148 356 -424 -1154 992 -104.00 216.41 -135.00 328 
-1456 15948 616 -517 -1314 1124 -105.00 215.07 -135.00 327 
-1336 15724 404 -580 -1395 1093 -107.00 215.74 -134.00 328 
-1332 15428 4 -563 -1178 1018 -105.00 217.08 -132.00 328 
-1268 15740 560 -341 -884 972 -105.00 217.75 -132.00 328 
-912 16072 948 -324 -852 935 -105.00 217.75 -131.00 328 
-708 16548 840 -567 -842 772 -104.00 218.42 -131.00 329 
-912 16240 736 -648 -964 837 -104.00 218.42 -131.00 329 
-1108 15536 828 -543 -1041 869 -105.00 218.42 -130.00 329 
-920 15340 296 -259 -842 703 -105.00 217.75 -132.00 328 
-880 16416 -28 -290 15 538 -108.00 219.09 -130.00 329 
-1084 16704 1268 -256 204 829 -107.00 219.76 -130.00 329 
-1124 15580 1004 -389 -37 1138 -108.00 219.09 -131.00 329 
-1276 14884 712 -299 -194 814 -111.00 220.43 -131.00 329 
-1216 14824 656 135 -74 541 -111.00 219.76 -130.00 329 
-1376 15052 636 511 121 271 -115.00 218.42 -132.00 328 
-1472 15076 724 751 61 339 -113.00 219.76 -130.00 329 
-1808 15068 672 975 82 320 -117.00 219.09 -132.00 328 
-1908 15060 352 1199 -117 117 -120.00 219.09 -130.00 329 
-1660 15396 132 1106 10 -216 -120.00 219.09 -131.00 329 
-1732 16184 436 905 -86 76 -123.00 219.76 -130.00 329 
-1612 16448 936 463 -431 34 -126.00 218.42 -130.00 329 
-1664 16804 856 -260 -843 11 -129.00 218.42 -130.00 329 
-1564 16492 764 -727 -1028 -128 -131.00 219.09 -128.00 329 
-1460 16292 676 -791 -1138 -259 -132.00 218.42 -127.00 329 
-1624 15600 836 -380 -1373 -286 -135.00 219.76 -128.00 329 
-1944 15216 600 156 -1304 -674 -138.00 220.43 -123.00 330 
-1928 16552 772 870 -1267 -163 -139.00 219.76 -124.00 330 
-1080 17164 196 1056 -1363 426 -146.00 219.09 -125.00 330 
500 18988 -320 270 -1364 -51 -146.00 219.76 -123.00 330 
1192 20852 -1232 -1044 -597 -259 -149.00 219.09 -120.00 331 
1440 20708 364 -1922 -886 173 -151.00 221.10 -121.00 331 
1344 18460 560 -3007 -1985 93 -153.00 219.09 -121.00 331 
1868 17752 516 -2701 -3205 -363 -156.00 221.10 -118.00 331 
1444 16020 -472 -1103 -3676 -133 -156.00 221.77 -118.00 331 
804 13204 -424 449 -3898 -81 -160.00 221.10 -117.00 332 
820 13300 -1120 1671 -4060 -398 -162.00 223.11 -114.00 332 
1208 15044 -1984 1815 -3964 -916 -165.00 221.77 -113.00 333 
1712 17212 -2112 1614 -3441 -400 -168.00 223.11 -107.00 334 
1940 17712 -2340 1182 -2837 685 -174.00 222.44 -107.00 334 
1936 16988 -2112 454 -2062 938 -174.00 223.11 -101.00 335 
1480 15408 -1596 -85 -1605 577 -178.00 223.11 -101.00 335 
868 14132 -688 -149 -1747 702 -179.00 223.78 -97.00 336 
304 12712 -848 -395 -2169 1012 -181.00 225.12 -97.00 336 
-340 12000 -1252 -649 -2332 821 -182.00 226.46 -97.00 336 
-464 12304 -1020 -400 -2390 1058 -182.00 225.79 -95.00 337 
-520 12484 -1864 -41 -1919 1193 -186.00 228.47 -95.00 337 
-440 13200 -2104 80 -913 1283 -187.00 227.80 -93.00 337 
-352 13716 -1308 -365 -374 1420 -190.00 229.14 -92.00 338 
-480 14160 -116 -991 -575 1781 -189.00 229.14 -92.00 338 
-880 13680 -616 -1168 -633 2117 -191.00 230.48 -90.00 338 
-592 14744 -1356 -999 -142 1792 -189.00 232.49 -91.00 338 
-452 15868 -688 -649 910 1370 -189.00 233.83 -93.00 338 
-456 16812 -980 -998 1304 700 -192.00 234.50 -91.00 338 
-448 17524 20 -2057 1159 674 -194.00 235.17 -93.00 338 
-28 17408 1244 -2724 619 383 -195.00 235.84 -95.00 338 
-52 19744 244 -3132 218 593 -197.00 237.18 -96.00 337 
60 18024 -168 -2268 857 1019 -200.00 239.19 -99.00 337 
-244 17260 -92 -1466 1721 453 -199.00 238.52 -99.00 337 
64 18856 624 -468 2053 652 -202.00 239.86 -101.00 337 
1712 20972 584 -482 1546 1481 -204.00 239.19 -102.00 336 
2068 22172 152 -569 1778 1800 -205.00 241.20 -103.00 336 
2940 21708 408 -701 2344 2453 -206.00 242.54 -104.00 336 
2760 18252 148 -380 3034 2169 -205.00 241.20 -105.00 336 
2072 14780 820 167 3554 928 -205.00 243.21 -108.00 336 
2268 13992 1064 91 3648 -162 -209.00 242.54 -110.00 335 
3320 15284 1480 -503 3487 -498 -212.00 241.87 -112.00 335 
3452 16832 3628 -1062 1765 -474 -217.00 240.53 -114.00 334 
2432 15720 3316 -1896 93 -669 -219.00 239.86 -117.00 334 
1636 14984 1812 -1157 788 123 -221.00 241.20 -118.00 333 
924 11964 1380 -131 1933 410 -222.00 243.21 -119.00 333 
860 11608 1456 305 2449 -545 -226.00 241.87 -121.00 333 
956 12932 788 1071 2251 -258 -228.00 241.87 -123.00 333 
812 12792 -332 1748 2553 341 -232.00 240.53 -125.00 332 
696 12552 -1040 1996 3927 212 -234.00 239.86 -125.00 332 
552 13444 -400 2463 4632 29 -238.00 240.53 -124.00 332 
480 13824 72 2263 4151 440 -239.00 238.52 -129.00 331 
336 13048 0 1827 3093 69 -244.00 239.86 -129.00 331 
116 13796 -448 1772 2577 98 -248.00 239.86 -130.00 331 
-48 14028 -720 1549 2469 297 -250.00 241.87 -132.00 331 
-592 14620 448 759 1867 6 -253.00 239.19 -130.00 331 
-852 14840 984 370 910 168 -256.00 241.20 -134.00 330 
-1204 15148 664 386 -278 -104 -258.00 241.87 -135.00 330 
-1628 15616 120 447 -822 -398 -258.00 242.54 -134.00 331 
-1236 17632 -68 655 -1375 -226 -262.00 243.21 -134.00 331 
-728 19072 -996 985 -1483 195 -266.00 243.21 -132.00 331 
-144 19484 -1160 1294 -1037 -758 -269.00 245.89 -133.00 331 
-1080 21136 -1640 1290 -696 -793 -274.00 245.22 -132.00 331 
-60 22372 -408 555 -901 1590 -278.00 247.90 -130.00 332 
1516 22472 -1908 -457 -2261 2407 -280.00 247.90 -127.00 332 
3044 22756 -3520 -944 -2171 766 -280.00 249.91 -128.00 332 
3612 22928 -2576 -1686 -1379 74 -284.00 253.93 -124.00 333 
3068 19972 -456 -2453 -2573 -796 -284.00 252.59 -125.00 333 
1780 16032 -220 -3563 -4733 -1210 -291.00 255.27 -122.00 334 
1020 12560 124 -3348 -6543 -523 -292.00 255.27 -124.00 334 
1012 10996 -1556 -1945 -6255 -346 -297.00 256.61 -122.00 334 
1624 10996 -2732 -926 -5411 -1656 -301.00 258.62 -118.00 335 
2416 14184 -2324 -750 -4719 -2746 -303.00 257.95 -117.00 335 
2396 15264 -1100 -1018 -4886 -1210 -310.00 257.28 -109.00 337 
1960 13344 -912 -1646 -5235 -67 -316.00 257.95 -106.00 337 
1304 11752 -1508 -1559 -5677 -250 -319.00 258.62 -104.00 338 
1028 11988 -2240 -1104 -4900 -472 -322.00 260.63 -100.00 339 
972 12944 -2224 -656 -3310 -117 -325.00 261.30 -96.00 339 
492 13460 -1676 -688 -2064 34 -330.00 261.30 -98.00 339 
60 13872 -476 -1179 -1656 705 -331.00 262.64 -94.00 340 
-176 13176 -496 -1604 -1660 865 -337.00 263.98 -93.00 340 
72 13448 -844 -1313 -1591 985 -339.00 265.32 -93.00 340 
-188 14132 -1464 -914 -1202 805 -341.00 265.99 -92.00 340 
-452 14944 -1012 -612 -828 921 -342.00 268.00 -92.00 341 
-572 14680 -1064 -649 -647 697 -346.00 269.34 -93.00 340 
-716 15132 -1060 -852 -422 70 -349.00 270.01 -93.00 340 
-1216 15736 -488 -1061 -503 -168 -351.00 271.35 -92.00 341 
-796 16760 -492 -1416 -448 -260 -354.00 272.69 -92.00 341 
-232 18460 -108 -1527 -626 -13 -357.00 273.36 -95.00 340 
324 18592 140 -2335 -485 44 -363.00 273.36 -92.00 341 
308 18520 -1132 -1670 -13 751 -363.00 274.03 -93.00 341 
380 18380 -236 -1193 1292 372 -368.00 273.36 -95.00 340 
1036 20884 2464 -1086 1119 1363 -371.00 272.69 -97.00 340 
2136 22404 1468 -1737 153 2889 -375.00 275.37 -98.00 340 
3192 23260 -716 -3100 1655 3065 -375.00 277.38 -101.00 339 
3236 20164 -104 -2346 2979 3337 -376.00 277.38 -103.00 339 
2400 15132 952 -582 4126 2017 -376.00 280.06 -108.00 338 
2512 15300 1888 -267 4245 824 -374.00 279.39 -111.00 338 
3428 16572 2032 -793 3432 339 -380.00 279.39 -115.00 337 
3156 16720 2176 -953 2797 1210 -384.00 279.39 -119.00 336 
3044 15232 1764 -297 1086 690 -386.00 276.71 -123.00 336 
2088 14784 1308 188 1877 995 -387.00 274.70 -124.00 335 
1464 12848 2008 157 1994 924 -390.00 277.38 -125.00 335 
824 12888 936 -533 1700 512 -389.00 275.37 -126.00 335 
444 13016 420 -1052 1054 1295 -394.00 274.70 -128.00 335 
152 11456 -580 -1275 1636 1572 -398.00 274.03 -130.00 334 
-100 11056 104 -866 2426 830 -399.00 273.36 -132.00 334 
-304 12092 -100 -320 2737 148 -401.00 273.36 -133.00 334 
-124 13456 104 113 3079 416 -401.00 272.69 -137.00 333 
-144 13280 760 979 2183 606 -403.00 271.35 -140.00 332 
-92 13660 196 1152 1535 264 -407.00 270.01 -142.00 332 
44 14672 448 1511 1117 -5 -408.00 269.34 -139.00 332 
-176 15616 612 1378 1064 -325 -412.00 268.00 -141.00 332 
-340 15796 980 1097 619 -581 -419.00 265.32 -142.00 331 
-624 15868 1244 408 -67 -612 -424.00 263.31 -141.00 331 
-1072 15636 1044 -199 -934 -719 -426.00 263.98 -143.00 331 
-888 16380 868 -29 -1480 -893 -428.00 261.97 -145.00 331 
-560 17228 836 854 -1645 -635 -432.00 261.30 -141.00 331 
-208 18368 -424 1258 -1906 -339 -436.00 259.96 -140.00 331 
-996 18580 -1496 1628 -938 1062 -442.00 257.95 -142.00 331 
632 18328 -476 1690 -701 3186 -445.00 258.62 -139.00 331 
2972 20668 -2520 1472 -844 2836 -444.00 257.95 -138.00 331 
4588 24508 -2640 1623 1253 2052 -448.00 259.29 -135.00 332 
5524 24260 -912 1655 2277 1691 -447.00 257.95 -135.00 332 
3788 19868 892 111 1076 342 -451.00 257.95 -136.00 332 
1620 15072 2060 -1420 -2010 -41 -453.00 257.95 -137.00 332 
1320 12196 -132 -9 -4197 1166 -454.00 252.59 -137.00 331 
1592 11556 -2580 2052 -4546 1175 -454.00 252.59 -134.00 332 
2816 13512 -2208 2317 -3664 -1251 -457.00 255.27 -131.00 332 
2752 16208 -1028 1880 -3384 -1194 -460.00 251.92 -128.00 333 
2592 15036 332 668 -4339 200 -463.00 250.58 -122.00 334 
2488 13356 -876 -605 -5505 80 -467.00 248.57 -121.00 334 
2116 14044 -1612 -962 -4978 -83 -468.00 249.24 -116.00 335 
2012 14500 -1600 -1193 -3403 309 -472.00 247.90 -115.00 335 
1520 14112 -832 -1859 -2230 343 -469.00 247.90 -114.00 335 
1160 13900 -696 -2401 -1737 412 -470.00 247.23 -115.00 335 
588 13700 -188 -2962 -1460 617 -472.00 244.55 -114.00 335 
320 13924 -316 -3082 -1200 1326 -471.00 245.22 -117.00 334 
368 13532 -1040 -3316 -508 1039 -473.00 244.55 -120.00 333 
128 13712 -1056 -3366 632 219 -469.00 245.22 -122.00 333 
-172 14312 -296 -2777 818 -15 -471.00 243.88 -127.00 332 
-596 13464 -132 -2066 673 -190 -470.00 241.20 -130.00 331 
-708 13612 -516 -1454 580 -1266 -473.00 241.20 -135.00 330 
-908 14916 -1052 -876 924 -2115 -473.00 237.18 -138.00 329 
-436 16984 -996 -976 1000 -2937 -478.00 235.17 -138.00 329 
188 19424 -1196 -1574 1448 -2547 -478.00 230.48 -143.00 328 
500 18560 -1312 -2150 1571 -1959 -482.00 223.78 -145.00 327 
156 17320 -1316 -1767 2237 -2112 -484.00 222.44 -147.00 326 
-144 17404 -416 -1963 3310 -3675 -486.00 217.75 -151.00 325 
1172 21576 2060 -1966 3422 -2714 -490.00 211.05 -157.00 323 
2524 22764 1208 -1645 1923 -336 -492.00 205.69 -160.00 322 
3368 23100 444 -2458 2549 619 -491.00 202.34 -164.00 320 
3076 20592 1680 -2763 2830 1277 -492.00 198.99 -167.00 319 
1740 15984 2044 -1607 2752 1335 -492.00 198.99 -173.00 319 
464 12376 2636 -923 2814 204 -489.00 196.31 -174.00 318 
1600 14932 2668 -855 2847 106 -491.00 194.30 -177.00 317 
2084 15208 2412 -1610 2689 159 -487.00 192.29 -179.00 317 
2652 17528 2064 -1675 2675 -390 -488.00 187.60 -182.00 315 
2316 17692 2208 -896 2921 672 -487.00 185.59 -184.00 315 
944 13920 3024 -680 2413 1157 -484.00 183.58 -187.00 314 
-80 11356 2028 -721 1782 -499 -485.00 181.57 -187.00 314 
-372 11908 2608 -181 1465 -980 -481.00 179.56 -190.00 313 
-512 11844 996 694 915 -31 -483.00 176.21 -190.00 312 
-728 11252 584 1620 946 73 -482.00 173.53 -189.00 312 
-800 12280 684 2179 995 -552 -482.00 171.52 -188.00 312 
-224 14260 -1116 1744 2512 -672 -485.00 169.51 -189.00 311 
280 15596 0 1154 2622 -695 -485.00 166.16 -188.00 311 
180 15552 104 364 2279 -588 -485.00 162.81 -186.00 311 
0 15508 660 193 1150 -420 -487.00 160.80 -188.00 310 
-440 14960 612 264 360 -935 -487.00 158.12 -188.00 310 
-544 15724 1116 54 -129 -1537 -487.00 152.76 -189.00 308 
-932 15700 1312 -171 -906 -1698 -485.00 151.42 -188.00 308 
-1200 15956 1640 -162 -1885 -1539 -486.00 150.08 -187.00 308 
-1240 15960 1140 474 -2835 -867 -486.00 146.73 -188.00 307 
-912 15136 528 704 -3165 -713 -485.00 144.72 -188.00 307 
-744 15636 -320 271 -3251 -1363 -485.00 146.06 -186.00 308 
-840 17076 -8 5 -3420 -221 -483.00 143.38 -183.00 308 
-96 17276 -772 -622 -4261 1555 -488.00 142.04 -183.00 307 
884 17928 -2196 -1060 -3709 1321 -481.00 144.05 -181.00 308 
2436 20520 -968 -1149 -2615 2311 -481.00 146.06 -182.00 308 
3180 21812 -1460 -1273 -974 2781 -476.00 146.73 -180.00 309 
3128 20192 308 -1897 -553 2437 -474.00 150.08 -182.00 309 
1796 15420 900 -2338 -1436 2159 -472.00 151.42 -185.00 309 
1284 12828 184 -1655 -2166 1423 -466.00 152.76 -184.00 309 
1360 13584 764 -845 -2244 1143 -464.00 154.77 -184.00 310 
2344 14716 -100 397 -2675 1837 -463.00 156.11 -184.00 310 
3076 14752 -476 1225 -2266 1622 -458.00 157.45 -183.00 310 
2732 15176 -196 1600 -1888 1160 -457.00 160.13 -179.00 311 
2476 15560 84 1939 -2120 1948 -460.00 162.14 -181.00 311 
2548 14284 -372 2065 -2520 2454 -459.00 162.81 -176.00 312 
2896 15332 -1224 1613 -1981 1462 -455.00 165.49 -172.00 313 
3040 17616 -916 669 -1318 828 -454.00 166.16 -169.00 314 
2924 18372 -1000 -305 -622 1258 -457.00 168.84 -166.00 315 
2496 17308 -1104 -788 354 1629 -455.00 168.84 -166.00 315 
2092 15764 -504 -957 1417 979 -452.00 170.18 -169.00 315 
1588 15076 -480 -1022 2019 -13 -451.00 169.51 -170.00 314 
1304 15536 -104 -594 1941 -436 -448.00 168.17 -169.00 314 
1228 16460 -832 -447 2055 -286 -449.00 167.50 -170.00 314 
1216 16272 -1268 -859 2125 -768 -450.00 166.16 -171.00 314 
1008 16636 -472 -1058 2116 -1221 -448.00 164.15 -172.00 313 
1084 17508 -952 -1304 2050 -979 -449.00 162.14 -172.00 313 
1532 18216 -352 -1916 2232 -407 -450.00 160.13 -173.00 312 
1588 17752 -416 -1941 2258 832 -449.00 159.46 -174.00 312 
1152 15412 -772 -1232 2722 1378 -447.00 158.12 -177.00 311 
876 13244 352 -239 2306 791 -445.00 157.45 -179.00 311 
516 13380 508 558 1723 422 -449.00 158.12 -179.00 311 
-136 13416 1280 1197 606 1115 -447.00 156.78 -180.00 311 
256 12520 648 1928 11 305 -448.00 156.78 -180.00 311 
728 14736 540 1504 -324 -778 -448.00 156.11 -177.00 311 
964 17512 -292 860 -188 -87 -449.00 154.77 -174.00 311 
668 17232 300 357 115 793 -450.00 154.77 -173.00 311 
644 16696 -16 -150 451 682 -450.00 153.43 -172.00 311 
596 16864 164 -825 696 841 -451.00 154.10 -172.00 311 
848 16764 44 -1721 673 1157 -450.00 154.10 -172.00 311 
804 16104 -360 -2247 878 762 -449.00 155.44 -172.00 312 
656 16032 -152 -2042 1089 359 -448.00 153.43 -177.00 310 
444 15396 480 -1743 1272 556 -447.00 154.10 -174.00 311 
168 15284 772 -1609 983 416 -448.00 155.44 -181.00 310 
-44 15172 984 -1155 517 700 -445.00 154.10 -182.00 310 
-8 15184 1476 -952 -22 864 -447.00 154.77 -181.00 310 
208 15616 860 -451 -357 1124 -447.00 154.10 -182.00 310 
452 15988 544 -145 43 1219 -445.00 155.44 -182.00 310 
664 16140 212 -87 447 1166 -444.00 154.10 -181.00 310 
616 16580 404 113 794 1273 -443.00 156.11 -182.00 310 
796 16256 1124 146 98 1636 -444.00 156.11 -182.00 310 
692 15264 -204 159 -17 1076 -443.00 156.11 -181.00 310 
464 16284 232 -91 9 615 -442.00 157.45 -181.00 311 
148 16428 620 -187 54 1234 -441.00 156.11 -181.00 310 
376 15744 64 -289 -57 1172 -443.00 157.45 -180.00 311 
620 15536 324 -592 -61 447 -442.00 158.79 -179.00 311 
492 16584 208 -964 228 167 -444.00 157.45 -182.00 310 
300 16264 644 -741 130 800 -443.00 158.12 -182.00 310 
160 15464 468 -507 15 754 -441.00 159.46 -182.00 311 
332 15440 -120 -348 -151 391 -442.00 159.46 -182.00 311 
328 15796 220 -47 68 394 -444.00 158.12 -178.00 311 
560 15988 -340 -30 115 258 -441.00 158.79 -183.00 310 
588 16292 132 -26 84 315 -442.00 158.12 -181.00 311 
476 15912 160 -191 -57 345 -442.00 158.79 -181.00 311 
436 15760 228 -318 -100 161 -443.00 160.80 -180.00 311 
480 16264 16 -181 -91 372 -444.00 159.46 -180.00 311 
512 15732 -100 28 -117 489 -441.00 157.45 -179.00 311 
444 15808 -236 -252 -92 429 -443.00 158.12 -180.00 311 
416 15636 -168 -271 -127 609 -442.00 158.79 -178.00 311 
428 15628 -72 -289 -158 64 -441.00 158.79 -180.00 311 
440 16196 96 -294 21 145 -441.00 156.78 -178.00 311 
492 16556 -768 -568 56 478 -442.00 158.79 -178.00 311 
488 15660 392 -528 -94 516 -442.00 159.46 -179.00 311 
460 15796 364 -466 158 265 -445.00 158.79 -180.00 311 
404 15736 572 -409 -263 243 -444.00 158.12 -179.00 311 
572 15848 -284 -660 -408 -123 -443.00 158.12 -180.00 311 
532 16000 -156 -477 -230 155 -445.00 157.45 -180.00 311 
520 15876 -168 -376 115 142 -444.00 158.12 -180.00 311 
568 15736 -136 -566 119 -11 -443.00 158.79 -178.00 311 
428 16108 104 -533 68 40 -445.00 157.45 -177.00 311 
208 15772 392 -113 -61 261 -446.00 158.12 -179.00 311 
436 16088 28 -666 -504 334 -444.00 156.11 -178.00 311 
360 15808 172 -221 -92 553 -444.00 158.12 -179.00 311 
208 15956 548 -163 -53 454 -443.00 156.11 -177.00 311 
424 15528 -80 -630 242 349 -444.00 158.12 -178.00 311 
428 16372 -76 -700 -523 -23 -446.00 157.45 -177.00 311 
592 16624 -780 -1025 -357 814 -442.00 155.44 -178.00 311 
144 15320 240 -660 606 940 -444.00 156.11 -180.00 310 
116 15244 848 -591 144 537 -445.00 156.78 -179.00 311 
444 16172 180 -489 -41 522 -443.00 158.12 -180.00 311 
376 16148 176 74 -37 1272 -445.00 157.45 -180.00 311 
140 15140 56 185 273 915 -441.00 156.11 -180.00 310 
404 15432 872 -405 41 -43 -441.00 158.12 -179.00 311 
664 16720 -448 -806 -610 482 -443.00 156.78 -180.00 311 
464 16124 -508 -498 -34 1065 -446.00 158.79 -179.00 311 
424 15576 -116 -287 322 792 -443.00 158.12 -178.00 311 
524 16312 596 -376 497 525 -443.00 158.79 -177.00 311 
516 16408 292 -711 105 810 -442.00 159.46 -180.00 311 
408 16028 588 -1333 78 627 -442.00 160.13 -180.00 311 
544 16184 708 -2062 -660 817 -442.00 160.13 -180.00 311 
444 15988 312 -1370 -1234 1383 -441.00 160.13 -182.00 311 
428 15588 -1484 -1203 77 1682 -439.00 161.47 -181.00 311 
