1332 15812 -372 -356 11 400 -95.00 225.12 -105.00 334 
1388 16032 -272 -461 -51 552 -91.00 226.46 -104.00 335 
1176 15924 -324 -259 -21 572 -92.00 225.12 -107.00 334 
1240 15444 -44 -69 27 274 -92.00 225.12 -104.00 335 
1192 16048 120 46 -183 112 -90.00 225.12 -107.00 334 
1340 15684 -356 -125 -268 236 -92.00 225.12 -106.00 334 
1372 15660 -320 -213 -325 95 -94.00 224.45 -106.00 334 
1384 16112 -468 -240 -276 102 -93.00 225.12 -105.00 334 
1368 16260 -396 -247 -67 446 -94.00 226.46 -105.00 335 
1168 15688 -156 -234 -14 526 -95.00 225.12 -104.00 335 
1312 15536 -236 -478 -118 291 -95.00 225.79 -107.00 334 
1224 16084 -564 -704 -186 354 -92.00 225.79 -107.00 334 
1276 16284 -296 -823 -29 402 -91.00 225.79 -105.00 335 
1360 16032 -664 -670 188 713 -94.00 227.80 -105.00 335 
1268 15588 -220 -320 263 763 -92.00 226.46 -107.00 334 
1300 15896 -320 -168 124 607 -92.00 225.12 -103.00 335 
1236 16184 -380 -424 -49 756 -94.00 225.79 -104.00 335 
1108 15544 -276 -629 102 525 -94.00 224.45 -106.00 334 
1056 15696 -132 -367 37 560 -92.00 226.46 -105.00 335 
916 15120 -108 142 144 559 -93.00 224.45 -106.00 334 
1072 15908 364 219 -198 402 -92.00 226.46 -105.00 335 
1120 16100 -152 -73 -354 457 -93.00 225.79 -106.00 334 
1180 15924 -520 -179 -445 398 -92.00 225.12 -104.00 335 
1300 16344 -888 -284 40 597 -91.00 226.46 -106.00 334 
1240 15600 -844 -280 281 762 -94.00 225.79 -106.00 334 
1292 15664 -656 -285 536 579 -92.00 227.13 -105.00 335 
1344 15736 -156 -339 290 627 -92.00 225.12 -105.00 334 
1312 15872 -468 -562 68 610 -92.00 225.12 -106.00 334 
1300 15676 -220 -518 -131 803 -93.00 225.79 -105.00 335 
1232 15568 128 -292 -287 770 -94.00 226.46 -105.00 335 
1164 16016 -224 -193 -429 658 -94.00 226.46 -104.00 335 
1112 15884 -888 -32 -95 836 -92.00 225.79 -104.00 335 
1072 15448 196 172 -94 756 -93.00 226.46 -106.00 334 
1108 16060 -444 -68 -430 836 -91.00 226.46 -104.00 335 
1024 15756 -780 -396 -302 1058 -95.00 227.13 -104.00 335 
952 15372 -612 -482 -170 889 -91.00 226.46 -104.00 335 
836 15804 -428 -364 -273 894 -92.00 227.13 -103.00 335 
900 15512 -804 -311 -188 958 -93.00 226.46 -103.00 335 
708 15780 -536 -611 -195 1238 -90.00 227.13 -106.00 334 
628 15556 -1000 -710 -276 1433 -92.00 226.46 -104.00 335 
572 16008 -1140 -588 262 1467 -90.00 228.47 -105.00 335 
464 16080 -508 -871 69 1106 -91.00 228.47 -103.00 335 
572 16388 -380 -1187 353 1578 -92.00 229.14 -103.00 335 
488 15568 52 -1205 102 1693 -90.00 227.13 -104.00 335 
296 15172 48 -949 282 1546 -88.00 228.47 -107.00 334 
280 16012 308 -655 142 1846 -90.00 227.80 -104.00 335 
380 15360 12 -424 215 2105 -88.00 228.47 -106.00 335 
268 15500 -96 -333 304 1933 -86.00 228.47 -104.00 335 
4 15724 -24 -239 541 2082 -88.00 229.81 -106.00 335 
-76 15728 -112 -236 760 1892 -89.00 231.15 -106.00 335 
-252 15688 116 -264 908 1895 -86.00 230.48 -106.00 335 
-308 15520 308 -318 696 2033 -87.00 229.81 -109.00 334 
-376 15076 264 -389 246 1871 -89.00 230.48 -107.00 335 
-452 15860 8 -219 125 2170 -86.00 231.15 -108.00 334 
-220 15364 -488 -366 210 2191 -87.00 231.82 -107.00 335 
-68 15892 -820 -697 342 2132 -86.00 231.15 -108.00 334 
-208 15256 -432 -700 424 2384 -85.00 231.82 -111.00 334 
-764 15292 468 -594 371 2330 -87.00 232.49 -111.00 334 
-996 15084 380 -622 -127 2080 -89.00 231.82 -110.00 334 
-904 15140 216 -510 -411 2087 -89.00 231.82 -112.00 334 
-784 15232 -104 -648 -379 2050 -89.00 233.16 -111.00 334 
-1076 15360 100 -666 -103 2560 -90.00 234.50 -112.00 334 
-1012 15048 -600 -619 -69 2665 -89.00 233.83 -112.00 334 
-1456 15232 -348 -702 208 2004 -92.00 234.50 -111.00 334 
-1684 14964 -108 -778 216 1570 -90.00 235.84 -112.00 334 
-1884 14756 900 -584 -267 1364 -93.00 234.50 -112.00 334 
-1972 14956 384 -349 -1234 1222 -94.00 237.85 -111.00 334 
-1776 15552 -664 -464 -1299 1144 -96.00 237.85 -110.00 335 
-1800 15620 -1204 -56 -950 1514 -98.00 237.85 -111.00 334 
-2016 15288 -1172 382 -50 1644 -100.00 237.18 -109.00 335 
-2252 15468 616 658 54 1259 -104.00 239.19 -108.00 335 
-2172 16232 440 1372 -506 1259 -104.00 239.86 -110.00 335 
-1928 16648 -676 1962 -1194 1737 -109.00 241.87 -108.00 335 
-1420 16856 -92 2032 -1495 1378 -112.00 242.54 -108.00 336 
104 18928 -1736 1841 -951 730 -115.00 242.54 -106.00 336 
984 19228 -2288 1150 463 -12 -117.00 243.88 -105.00 336 
264 20376 -2288 1221 1142 -129 -120.00 245.89 -103.00 337 
-532 18768 -1508 1253 2036 218 -124.00 246.56 -104.00 337 
-348 19012 308 989 2860 997 -127.00 248.57 -104.00 337 
144 19016 2204 1045 2391 680 -132.00 247.23 -104.00 337 
-88 16876 2396 1125 633 -2776 -134.00 248.57 -106.00 336 
196 16732 1540 -681 -374 -5947 -140.00 250.58 -107.00 336 
104 16512 -1016 -1874 -135 -5167 -151.00 250.58 -107.00 336 
-172 15348 -944 -1590 2043 -3969 -158.00 251.92 -107.00 336 
-1276 16240 1888 251 2405 -3546 -167.00 250.58 -109.00 336 
76 19964 260 1090 3957 -3220 -172.00 249.24 -110.00 336 
592 20972 4100 2970 2492 -1907 -183.00 249.91 -108.00 336 
112 24768 48 3444 -269 444 -188.00 249.91 -111.00 336 
-164 20604 -3652 3794 298 3477 -193.00 250.58 -110.00 336 
-60 18364 -1580 3274 330 3637 -196.00 251.92 -109.00 336 
412 18404 -2376 3049 160 4684 -199.00 254.60 -108.00 337 
236 18352 -3624 1003 966 3518 -204.00 258.62 -106.00 337 
220 18192 -5140 -1947 1818 3805 -202.00 259.29 -106.00 337 
-32 15100 -2288 -5030 1116 3482 -207.00 261.30 -107.00 337 
-1276 12080 764 -6316 -2450 164 -206.00 266.66 -108.00 337 
-2900 10528 540 -4862 -5694 -4298 -208.00 268.00 -111.00 337 
-4668 6312 -3920 -3149 -5714 -6670 -215.00 270.01 -110.00 337 
-1968 7796 1316 -3656 -6656 -8176 -224.00 271.35 -106.00 338 
1260 18704 -6616 -3398 -7999 -4318 -236.00 274.03 -105.00 339 
-768 19732 -6868 -2793 -2902 -1875 -247.00 273.36 -99.00 340 
-772 16884 -5104 -2233 -4311 -3482 -253.00 276.71 -96.00 340 
-220 17144 -1680 1433 -6379 -4845 -260.00 278.72 -95.00 341 
4036 24228 -6060 3748 -5788 -2337 -275.00 280.73 -91.00 342 
6856 27064 -10900 1783 -731 1538 -286.00 280.73 -80.00 344 
6004 24136 -7292 -4073 4399 1977 -294.00 283.41 -77.00 344 
2540 18124 -1512 -8960 7083 1026 -296.00 284.08 -75.00 345 
2456 15952 1804 -8662 6145 467 -307.00 288.10 -91.00 342 
3880 16680 704 -7125 4257 2323 -316.00 288.77 -102.00 340 
3456 18432 -1424 -8528 6245 2828 -321.00 288.77 -109.00 339 
2192 11400 936 -6476 7072 3832 -324.00 290.11 -120.00 337 
-820 -1064 3184 1255 3880 -1531 -325.00 290.11 -129.00 336 
-4652 -1036 -80 7422 1942 -12232 -334.00 290.78 -137.00 334 
-1296 15676 5868 6390 -913 -11606 -354.00 284.08 -134.00 334 
-2268 16336 5784 7107 -6109 -2858 -379.00 274.03 -131.00 334 
-84 16972 1440 10320 -3823 1958 -391.00 269.34 -124.00 335 
5932 25564 -12008 10311 -1986 3475 -404.00 270.01 -114.00 337 
6336 26636 -7308 3396 6577 -172 -412.00 269.34 -101.00 339 
5500 20548 -776 138 1559 -1597 -416.00 263.31 -92.00 340 
3764 18240 -1348 -1030 -4249 -2 -429.00 259.96 -103.00 338 
692 16200 -4888 1171 -4928 2459 -437.00 258.62 -104.00 338 
-1588 11216 -740 -657 -4199 2601 -441.00 255.94 -100.00 338 
-2444 9004 -4416 -5097 -6177 -3253 -445.00 255.27 -100.00 338 
-1536 10404 -2964 -9354 -7140 -7000 -451.00 251.25 -102.00 337 
-2028 10872 -3356 -12801 -10045 -8607 -459.00 244.55 -106.00 336 
-4920 6848 -3524 -11146 -7364 -8553 -465.00 235.84 -110.00 334 
-7608 5068 4584 -6134 -7342 -10363 -474.00 225.79 -118.00 332 
-688 14272 -2084 -6895 -9135 -7811 -482.00 215.74 -123.00 330 
4024 28380 -5996 -4735 -4979 -513 -488.00 203.68 -129.00 327 
8460 19544 -10408 -652 3970 -802 -4096.00 -2677.32 -4186.00 237 
7980 16812 -3908 -2189 7635 -2688 -4096.00 228.47 -154.00 326 
5344 16452 -1360 -696 10344 -1537 -4096.00 213.06 -160.00 323 
5836 14944 8156 2675 7996 -641 -4096.00 210.38 -173.00 320 
6600 17160 4728 4032 1594 1062 -4096.00 200.33 -180.00 318 
5136 12020 -2776 1532 2989 1804 -4096.00 194.97 -180.00 317 
1884 8772 -56 847 4863 1403 -4096.00 191.62 -180.00 316 
-2256 856 4044 4903 2074 -3180 -4096.00 185.59 -186.00 314 
-6120 4624 7560 5897 -2870 -12083 -4096.00 179.56 -187.00 313 
3456 21732 12804 6103 -13072 -2438 -4096.00 159.46 -184.00 310 
1976 24880 -2980 9451 -22201 4360 -4096.00 153.43 -173.00 311 
6256 26716 -24060 8138 -273 8757 -4096.00 159.46 -155.00 315 
7864 24380 -308 8214 138 4814 -4096.00 168.17 -143.00 319 
5000 19940 -3884 3629 3079 -213 -4096.00 170.18 -138.00 320 
4400 17564 940 3286 1313 -1071 -4096.00 168.84 -134.00 321 
4780 18684 -2736 1487 -2094 -480 -4096.00 165.49 -134.00 321 
5524 20504 -676 2544 -2913 2452 -4096.00 160.13 -132.00 320 
4616 18672 -4640 4233 -3247 4174 -4096.00 159.46 -128.00 321 
1716 16944 -1472 2637 -886 -734 -4096.00 164.15 -127.00 322 
496 17452 2172 -1254 -1848 -4477 -4096.00 164.82 -117.00 324 
3488 18848 1544 -5271 -6233 -2187 -4096.00 157.45 -123.00 322 
5424 25684 -6592 -8984 -3260 948 -4096.00 154.77 -125.00 321 
6984 23548 -8240 -11668 2857 5500 -4096.00 152.76 -128.00 320 
7296 22952 -3900 -11279 4346 7189 -4096.00 158.79 -143.00 317 
3884 16776 -4276 -9147 6365 5934 -4096.00 164.82 -158.00 316 
3212 14596 -572 -7688 7170 4495 -4096.00 170.18 -171.00 314 
2448 13080 2592 -6018 3337 3273 -4096.00 173.53 -182.00 313 
3208 16636 -500 -3345 1086 4656 -4096.00 178.22 -192.00 312 
4216 15528 -628 829 539 8534 -4096.00 180.23 -194.00 312 
5572 12120 -704 3310 1365 8722 -4096.00 188.94 -193.00 314 
6308 12528 -848 2509 1955 3507 -4096.00 196.98 -189.00 316 
6044 16968 -1864 440 1851 -549 -4096.00 201.67 -184.00 317 
5448 20208 -2332 -603 2645 2161 -4096.00 203.01 -180.00 318 
3480 15596 -884 -107 2187 4166 -4096.00 201.00 -180.00 318 
2108 11992 -1376 726 2137 2785 -4096.00 204.35 -185.00 317 
1940 10904 768 1781 1913 -39 -4096.00 207.70 -178.00 319 
2596 15784 1380 1226 750 182 -4096.00 209.71 -180.00 319 
2760 15800 -828 -1023 1154 1602 -4096.00 208.37 -175.00 319 
2964 15744 436 -1961 1881 2046 -4096.00 207.03 -175.00 319 
2848 13632 416 -517 1925 1890 -4096.00 208.37 -173.00 320 
2760 12772 1188 468 1004 1115 -4096.00 208.37 -175.00 319 
1992 13940 1120 -275 -166 -393 -4096.00 210.38 -176.00 320 
2036 15692 300 -776 -878 709 -4096.00 210.38 -175.00 320 
1920 13524 -1572 -2 -293 842 -4096.00 211.05 -173.00 320 
2044 12956 -1388 2028 -47 -134 -4096.00 213.06 -174.00 320 
2348 14200 -1260 3380 128 398 -4096.00 213.73 -174.00 320 
1748 15168 912 2858 373 146 -4096.00 212.39 -168.00 321 
1616 16384 408 886 -1210 -98 -4096.00 214.40 -164.00 322 
1844 16796 -1596 -1214 -1353 -482 -4096.00 214.40 -165.00 322 
1636 17112 -40 -1024 -1738 835 -4096.00 214.40 -162.00 322 
1368 15596 40 -67 -2306 1536 -4096.00 215.74 -162.00 323 
2292 16672 -1520 -683 -1808 985 -4096.00 218.42 -159.00 323 
3332 17948 -2084 -2329 -262 1322 -4096.00 221.10 -159.00 324 
3500 18004 -820 -3585 575 2813 -4096.00 223.11 -160.00 324 
2524 14916 -136 -3431 630 2495 -4096.00 224.45 -165.00 323 
1956 14484 -64 -1322 634 1199 -4096.00 230.48 -168.00 323 
1204 14508 924 788 216 1339 -4096.00 231.82 -169.00 323 
1068 13920 604 1651 -1115 1149 -4096.00 231.82 -168.00 324 
1588 15032 -984 1874 -1690 567 -4096.00 232.49 -166.00 324 
1624 16284 -1288 2111 -1996 1188 -4096.00 236.51 -159.00 326 
1832 15908 -3648 1924 -330 2218 -4096.00 236.51 -156.00 326 
1496 15412 -1228 1051 188 1531 -4096.00 239.86 -154.00 327 
1500 15696 -1724 -309 47 844 -4096.00 239.86 -154.00 327 
1732 16312 -1484 -1653 259 760 -4096.00 239.86 -152.00 327 
2112 16728 -1572 -2412 510 1042 -4096.00 240.53 -154.00 327 
2148 15964 -1620 -2494 1406 1076 -4096.00 241.20 -155.00 327 
1916 15132 -900 -1844 2036 1037 -4096.00 240.53 -156.00 327 
1968 15112 -1196 -1114 2902 848 -4096.00 241.20 -160.00 326 
2096 15172 -664 -865 3283 646 -4096.00 241.20 -159.00 326 
2236 16056 164 -917 2829 -206 -4096.00 239.86 -160.00 326 
2392 16316 -1308 -745 2709 7 -4096.00 238.52 -163.00 325 
1976 15840 -896 -689 3551 121 -4096.00 236.51 -165.00 325 
1816 15052 56 -282 3259 -481 -4096.00 235.84 -168.00 324 
1796 15628 -1340 105 3107 -193 -4096.00 231.15 -169.00 323 
1564 15892 -1128 720 3594 -2 -4096.00 228.47 -170.00 323 
1644 16444 -1628 1521 4346 653 -4096.00 227.13 -172.00 322 
1612 15680 -2116 1270 5513 669 -4096.00 227.13 -172.00 322 
1828 15680 -1604 555 6900 -98 -4096.00 223.78 -172.00 322 
1792 15824 -880 -420 7247 -1189 -4096.00 219.09 -174.00 321 
1944 16620 -1396 -664 7400 -908 -4096.00 213.73 -178.00 320 
1816 16096 -1084 -1045 7626 -584 -4096.00 210.38 -181.00 319 
1760 16216 -1496 -693 7984 161 -4096.00 203.68 -182.00 318 
1812 14948 -872 -417 8840 124 -4096.00 200.33 -188.00 316 
2148 15492 -444 -242 8992 -651 -4096.00 193.63 -194.00 314 
2348 16404 -256 -176 9105 -858 -4096.00 188.27 -196.00 313 
2180 16236 316 -450 9314 -522 -4096.00 181.57 -201.00 312 
1884 16352 452 -931 9388 -661 -4096.00 175.54 -205.00 310 
2600 16272 -812 -841 9881 -273 -4096.00 168.84 -208.00 309 
2692 16724 -244 -356 10437 619 -4096.00 164.15 -213.00 307 
2116 15116 -52 330 10718 709 -4096.00 158.12 -220.00 305 
1688 14452 1384 454 10989 -250 -4096.00 151.42 -222.00 304 
1680 14728 1584 788 10398 -1042 -4096.00 144.05 -224.00 302 
1936 16136 628 1395 10291 -487 -4096.00 135.34 -226.00 300 
2052 16048 968 1754 10201 324 -4096.00 128.64 -230.00 299 
2124 16320 -156 2443 10738 695 -4096.00 120.60 -233.00 297 
1816 15304 788 2753 11490 197 -4096.00 112.56 -230.00 296 
2076 15796 996 2234 11492 -661 -4096.00 107.87 -233.00 294 
2652 17620 -228 1571 11968 -523 -4096.00 99.16 -236.00 292 
2432 17068 -116 571 12522 -144 -4096.00 90.45 -233.00 291 
1936 16044 824 -213 12766 -378 -4096.00 80.40 -238.00 288 
1576 15660 1208 -316 12910 -448 -4096.00 71.69 -240.00 286 
1684 15700 724 83 13156 -309 -4096.00 62.98 -244.00 284 
1976 16176 704 428 13306 -444 -4096.00 52.26 -245.00 282 
1672 16096 1092 504 12983 -403 -4096.00 43.55 -245.00 280 
1796 16328 808 411 12760 -504 -4096.00 32.83 -249.00 277 
1564 15176 300 253 12503 -464 -4096.00 23.45 -250.00 275 
1488 15584 432 533 12495 -589 -4096.00 15.41 -249.00 273 
1660 15516 -252 523 13066 -1316 -4096.00 4.02 -248.00 270 
1988 16708 -728 509 13466 -1544 -4096.00 -6.70 -245.00 268 
1828 16000 -404 180 13748 -1352 -4096.00 -18.76 -247.00 265 
1580 15552 -20 -368 13775 -1535 -4096.00 -30.15 -245.00 262 
1548 15760 376 -704 13732 -1317 -4096.00 -41.54 -242.00 260 
1704 15356 112 -1049 13589 -1426 -4096.00 -52.26 -243.00 257 
1976 16404 -532 -974 13859 -1378 -4096.00 -65.66 -240.00 254 
1936 16212 -688 -713 14254 -901 -4096.00 -76.38 -242.00 252 
1700 15120 -328 -818 14407 -1000 -4096.00 -85.76 -237.00 250 
1744 15792 -44 -1206 14278 -1110 -4096.00 -99.16 -234.00 247 
1904 15852 -332 -1182 14171 -639 -4096.00 -109.21 -232.00 244 
1780 15476 -376 -1247 14097 -717 -4096.00 -120.60 -227.00 242 
1820 15820 -436 -1215 14193 -691 -4096.00 -129.98 -224.00 239 
1628 15744 52 -1343 14003 -587 -4096.00 -141.37 -222.00 237 
1592 15356 552 -1556 13195 -583 -4096.00 -151.42 -220.00 235 
1576 15672 -136 -1792 12480 -755 -4096.00 -158.79 -211.00 233 
1600 15772 -484 -1582 12685 -387 -4096.00 -168.17 -210.00 231 
1480 15340 -8 -1321 12487 -198 -4096.00 -178.89 -202.00 228 
1760 15768 -724 -1071 12502 -342 -4096.00 -184.92 -202.00 227 
1800 15860 -1128 -969 12744 -636 -4096.00 -192.96 -197.00 225 
1772 15736 -1376 -1308 13179 -1116 -4096.00 -203.01 -188.00 222 
2016 16248 -936 -2035 13396 -1004 -4096.00 -209.04 -187.00 221 
2152 16148 -1256 -2002 13433 19 -4096.00 -221.77 -179.00 218 
2332 16016 -1948 -1641 13891 30 -4096.00 -227.80 -174.00 217 
2516 16364 -1808 -1141 14157 54 -4096.00 -234.50 -168.00 215 
2480 15832 -1572 -547 14381 321 -4096.00 -242.54 -161.00 213 
2344 16012 -1588 -618 14231 144 -4096.00 -247.90 -155.00 212 
2380 16148 -2380 -663 14177 554 -4096.00 -255.27 -145.00 209 
2316 16296 -2636 -506 14509 753 -4096.00 -259.96 -136.00 207 
2212 15896 -2580 -258 14866 678 -4096.00 -263.98 -126.00 205 
1908 15380 -1820 -84 14977 396 -4096.00 -270.01 -117.00 203 
1852 15636 -1744 111 14746 159 -4096.00 -276.04 -109.00 201 
1868 15864 -1028 139 14297 86 -4096.00 -282.74 -96.00 198 
2288 16012 -1844 262 13294 -157 -4096.00 -288.10 -86.00 196 
2240 16292 -2600 376 13400 -493 -4096.00 -289.44 -76.00 194 
2016 16080 -2560 855 14123 -449 -4096.00 -296.14 -63.00 192 
2348 15984 -2056 1052 14201 -431 -4096.00 -298.15 -53.00 190 
2660 16732 -3148 397 14558 -559 -4096.00 -302.17 -40.00 187 
2636 16684 -2688 -467 15034 -529 -4096.00 -306.19 -28.00 185 
2588 16472 -2440 -1229 15201 -447 -4096.00 -310.21 -18.00 183 
2528 16416 -2460 -1315 15188 105 -4096.00 -310.88 -9.00 181 
2288 15764 -2784 -1527 15294 -30 -4096.00 -313.56 4.00 179 
2084 15580 -2480 -1366 15178 145 -4096.00 -316.24 15.00 177 
1728 14876 -1744 -1097 14935 252 -4096.00 -314.90 24.00 175 
1836 15540 -1952 -660 14508 150 -4096.00 -315.57 37.00 173 
1844 15620 -2120 -293 14211 163 -4096.00 -316.24 49.00 171 
1692 15628 -1840 121 13648 132 -4096.00 -313.56 57.00 169 
1468 15460 -2372 408 13394 -108 -4096.00 -313.56 71.00 167 
1536 15356 -1840 603 13187 228 -4096.00 -310.88 80.00 165 
1708 15720 -2808 555 12632 238 -4096.00 -309.54 93.00 163 
1772 16408 -2952 367 12580 532 -4096.00 -306.86 103.00 161 
1924 16376 -2836 113 12501 922 -4096.00 -305.52 112.00 159 
1372 15508 -2548 -87 12475 967 -4096.00 -299.49 125.00 157 
584 14840 -1744 214 11792 1384 -4096.00 -294.80 133.00 155 
440 14864 -1260 604 10575 1578 -4096.00 -290.78 142.00 153 
292 15220 -1360 310 9453 1389 -4096.00 -286.09 151.00 152 
332 16224 -1600 -46 8570 1309 -4096.00 -279.39 159.00 150 
-392 15356 -1764 -479 8102 1522 -4096.00 -274.03 166.00 148 
-780 14432 -1064 -278 7339 1320 -4096.00 -268.67 171.00 147 
-924 14708 -1100 332 6539 1205 -4096.00 -263.98 175.00 146 
-608 14904 -652 463 5679 1505 -4096.00 -261.30 182.00 145 
-360 15472 -1744 225 5007 1381 -4096.00 -255.27 189.00 143 
-188 15484 -1244 21 4566 1240 -4096.00 -250.58 194.00 142 
-12 15472 -1472 148 3931 987 -4096.00 -247.90 195.00 141 
-56 16232 -1284 208 4065 1000 -4096.00 -245.22 199.00 140 
-8 15876 -612 180 4170 733 -4096.00 -241.20 202.00 140 
156 16924 -640 -211 3628 689 -4096.00 -235.84 207.00 138 
-76 16240 -728 -897 3042 765 -4096.00 -234.50 207.00 138 
-452 16308 -264 -1113 2612 769 -4096.00 -233.83 210.00 138 
-688 16008 -460 -774 2209 601 -4096.00 -229.81 211.00 137 
-508 15508 -960 155 2787 755 -4096.00 -229.81 211.00 137 
48 16444 -228 660 2585 697 -4096.00 -227.13 213.00 136 
452 17356 -1424 518 2363 1059 -4096.00 -223.11 215.00 136 
1132 18232 -864 2 2616 1040 -4096.00 -223.11 220.00 135 
1464 18204 -1040 -389 2639 762 -4096.00 -218.42 221.00 134 
1116 17544 -596 -495 2472 449 -4096.00 -216.41 223.00 134 
348 16488 88 -606 1772 140 -4096.00 -215.74 224.00 133 
-116 15192 256 -426 626 50 -4096.00 -214.40 225.00 133 
-324 14848 -84 -157 -204 -484 -4096.00 -214.40 223.00 133 
-232 14916 -876 692 -1234 -584 -4096.00 -215.07 224.00 133 
208 15884 -1984 988 -1192 -653 -4096.00 -216.41 225.00 133 
332 16152 -1852 1147 -1138 -110 -4096.00 -219.09 227.00 133 
228 14748 -2536 260 -787 -480 -4096.00 -221.77 229.00 134 
148 15480 -776 151 -2378 -471 -4096.00 -221.77 230.00 133 
536 16696 -2636 -838 -1384 270 -4096.00 -223.78 229.00 134 
412 15996 -1368 -1243 -797 367 -4096.00 -226.46 227.00 134 
180 15992 -960 -1460 -532 219 -4096.00 -226.46 226.00 135 
-112 15468 -568 -1070 -488 254 -4096.00 -227.80 226.00 135 
-112 15380 -136 -706 -790 478 -4096.00 -225.79 226.00 134 
-300 15132 -396 -729 -1418 503 -4096.00 -228.47 221.00 135 
212 16056 -1480 -356 -1498 278 -4096.00 -226.46 224.00 135 
380 16560 -1640 -260 -979 288 -4096.00 -229.14 223.00 135 
360 16252 -1252 -433 -776 174 -4096.00 -229.81 224.00 135 
304 16216 -1420 -762 -622 468 -4096.00 -231.15 222.00 136 
8 15892 -920 -1228 -699 354 -4096.00 -229.81 221.00 136 
304 16032 -1368 -1614 -756 453 -4096.00 -231.15 218.00 136 
268 15672 -1032 -1458 -812 385 -4096.00 -231.82 217.00 136 
368 15672 -836 -1227 -812 83 -4096.00 -231.82 217.00 136 
592 15768 -760 -1289 -663 14 -4096.00 -231.15 214.00 137 
588 15328 -872 -1451 -480 -44 -4096.00 -232.49 215.00 137 
512 15832 -372 -1580 -466 310 -4096.00 -234.50 210.00 138 
460 15048 -524 -1527 -414 643 -4096.00 -233.83 208.00 138 
336 14708 -552 -1196 65 796 -4096.00 -237.18 206.00 139 
328 15040 -160 -555 86 970 -4096.00 -233.83 207.00 138 
172 14996 -364 -314 344 1096 -4096.00 -234.50 208.00 138 
-152 15592 -612 -232 324 1094 -4096.00 -233.16 207.00 138 
-396 15592 -92 -68 571 1440 -4096.00 -232.49 211.00 137 
-684 15284 -152 -232 418 1126 -4096.00 -231.82 209.00 137 
-608 15952 -460 -186 124 1409 -4096.00 -230.48 209.00 137 
-936 15216 -516 -245 -97 1160 -4096.00 -229.14 209.00 137 
-1196 15716 -1064 -341 -66 671 -4096.00 -228.47 210.00 137 
-1276 15280 -600 -361 60 913 -4096.00 -226.46 213.00 136 
-1592 15712 -556 -547 30 1378 -4096.00 -228.47 210.00 137 
-1948 15404 -484 -954 235 1698 -4096.00 -228.47 212.00 137 
-2024 15920 -468 -1220 722 2087 -4096.00 -225.79 210.00 137 
-2312 15112 -196 -1266 798 1517 -4096.00 -223.11 211.00 136 
-2216 16168 180 -1257 664 1486 -4096.00 -221.77 210.00 136 
-2692 15472 680 -1230 351 1321 -4096.00 -223.11 210.00 136 
-2996 15308 4 -1512 161 1077 -4096.00 -221.10 208.00 136 
-3036 15224 -168 -1446 229 1152 -4096.00 -217.08 208.00 136 
-3236 15164 464 -1153 208 1135 -4096.00 -219.76 205.00 136 
-3396 15296 -144 -537 -9 1362 -4096.00 -219.09 205.00 136 
-3244 15372 -724 8 224 2398 -4096.00 -215.07 204.00 136 
-3468 13044 116 -171 150 1114 -4096.00 -217.08 207.00 136 
-3372 14684 -268 -514 240 598 -4096.00 -217.08 207.00 136 
-3680 14068 136 -726 384 563 -4096.00 -217.08 208.00 136 
-4072 13556 152 -386 182 249 -4096.00 -216.41 209.00 136 
-4092 14800 276 535 -199 504 -4096.00 -219.76 205.00 136 
-4172 17216 -580 557 -582 1399 -4096.00 -221.10 209.00 136 
-5140 15876 -728 -571 464 813 -4096.00 -225.12 210.00 136 
-5800 15432 1180 -1261 569 -645 -4096.00 -223.78 210.00 136 
-5972 15760 1540 255 -1317 122 -4096.00 -229.14 212.00 137 
-4836 18136 -520 585 -1966 -583 -4096.00 -231.82 210.00 137 
-3724 20792 -2328 357 -64 1070 -4096.00 -238.52 209.00 138 
-4508 19328 -1164 -583 246 1900 -4096.00 -243.21 210.00 139 
-6168 16404 2352 153 -1321 2197 -4096.00 -242.54 211.00 138 
-5840 15140 2176 2120 -3558 2034 -4096.00 -247.23 209.00 139 
-2804 17696 16 2933 -2990 573 -4096.00 -249.24 207.00 140 
340 18960 -1512 169 -2913 -2398 -4096.00 -253.26 210.00 140 
-1536 17560 -2468 -2005 -2351 -4296 -4096.00 -263.31 208.00 141 
-3772 11544 -372 -1732 -843 -5442 -4096.00 -276.71 201.00 144 
-2312 10828 2480 -729 -2698 -6040 -4096.00 -287.43 195.00 145 
460 17272 -5452 293 -4527 -3374 -4096.00 -300.16 193.00 147 
472 20564 -5744 -924 -2213 -2516 -4096.00 -315.57 192.00 148 
-1884 19812 -3088 -1825 -1195 -398 -4096.00 -326.29 183.00 150 
-5228 15396 2772 -2196 -1191 -2756 -4096.00 -332.99 182.00 151 
-3960 19728 -1468 -715 -3489 -6228 -4096.00 -337.68 174.00 152 
-3768 20860 -5772 985 -2199 -3332 -4096.00 -353.76 167.00 154 
-3460 23188 -3948 5618 -3277 2932 -4096.00 -364.48 163.00 155 
-5392 17436 -4124 3787 -1933 4483 -4096.00 -371.18 163.00 156 
-4308 21164 -2324 257 -799 3413 -4096.00 -370.51 162.00 156 
-3524 21464 -1792 -3333 11 3512 -4096.00 -370.51 160.00 156 
-3256 18424 -760 -5206 182 2605 -4096.00 -370.51 155.00 157 
-2760 15500 3636 -4610 -1292 2698 -4096.00 -368.50 144.00 158 
-3000 11880 1740 -864 -2882 2839 -4096.00 -369.17 132.00 160 
1180 12624 -3936 -219 2097 -525 -4096.00 -368.50 126.00 161 
480 15324 944 -762 5389 -2136 -4096.00 -373.19 122.00 161 
-3372 16880 3696 -3709 7936 -3605 -4096.00 -374.53 124.00 161 
-1352 10608 9688 -3549 3054 -1367 -4096.00 -379.89 126.00 161 
-448 13764 784 20 2070 -905 -4096.00 -381.23 124.00 161 
884 18968 3468 4076 6504 -2734 -4096.00 -382.57 120.00 162 
112 23472 4504 5260 6589 -615 -4096.00 -385.92 129.00 161 
-2472 17936 4164 5296 6455 874 -4096.00 -385.92 142.00 159 
-2132 13220 2912 3678 2098 -1173 -4096.00 -384.58 148.00 158 
-1444 10880 1332 5811 -3300 -793 -4096.00 -380.56 154.00 157 
2872 23060 -7012 8416 -2437 7028 -4096.00 -385.25 157.00 157 
1444 23732 -6760 7673 3947 10578 -4096.00 -380.56 161.00 157 
-1548 14828 -2960 -1232 5652 908 -4096.00 -371.18 170.00 155 
-3372 12728 -892 -10079 4290 -5899 -4096.00 -359.79 174.00 154 
-4196 15168 8480 -12017 -1622 -3914 -4096.00 -359.79 170.00 154 
-6384 5396 3052 -8138 -3626 -1534 -4096.00 -359.79 158.00 156 
-5124 4760 -488 -6203 -5151 -6727 -4096.00 -357.78 148.00 157 
-6656 7060 -9220 2110 -2869 -5454 -4096.00 -360.46 138.00 159 
1104 18528 -168 293 -2739 -4633 -4096.00 -366.49 132.00 160 
3100 32767 -9304 -6191 -1019 -1145 -4096.00 -364.48 134.00 159 
4984 25728 -5420 -17738 6991 -4580 -4096.00 -365.15 125.00 161 
6860 24076 3172 -21459 6508 -8948 -4096.00 -361.13 121.00 161 
2408 13140 120 -17849 6426 -9704 -4096.00 -361.13 115.00 162 
-252 12316 4520 -11547 5304 -4073 -4096.00 -362.47 109.00 163 
5212 13904 3284 -5755 -1392 3739 -4096.00 -357.78 103.00 163 
5140 10512 -1268 -2185 1620 5445 -4096.00 -354.43 101.00 164 
3912 5588 3440 1928 4971 2042 -4096.00 -348.40 100.00 163 
-848 10960 4892 6812 7348 926 -4096.00 -344.38 104.00 163 
3016 6636 3300 11583 5329 -1433 -4096.00 -337.68 113.00 161 
1940 8244 6548 10984 3756 -5885 -4096.00 -335.67 124.00 159 
-2824 9968 11380 8876 -3136 -15353 -4096.00 -334.33 134.00 158 
1344 17956 12044 8822 -7008 -14236 -4096.00 -341.03 135.00 158 
660 20280 -5412 7689 -8982 -7509 -4096.00 -346.39 136.00 158 
-3152 14008 -8968 3636 -453 -5785 -4096.00 -349.07 134.00 159 
5972 20312 -5324 7080 1839 4028 -4096.00 -350.41 131.00 159 
2028 22764 -2164 7785 6741 5757 -4096.00 -346.39 131.00 159 
2572 25040 -2540 2126 8486 7082 -4096.00 -343.04 140.00 157 
-2480 16692 4032 -3127 5027 3735 -4096.00 -336.34 150.00 155 
-2580 15488 6800 -1686 -1790 7110 -4096.00 -331.65 152.00 155 
932 12968 -2728 2590 -1916 7696 -4096.00 -326.96 155.00 154 
4792 16940 -5332 3851 795 -754 -4096.00 -325.62 154.00 154 
-344 19808 -3520 3968 69 -5641 -4096.00 -326.29 161.00 153 
-1252 12144 3780 -1990 -2387 -6812 -4096.00 -328.30 160.00 154 
-636 19256 5516 -4832 -6289 -1423 -4096.00 -328.30 161.00 153 
3252 26868 -9376 -4353 -1173 5112 -4096.00 -332.32 158.00 154 
4836 21836 -4400 -7781 1914 4569 -4096.00 -335.00 156.00 155 
2556 16772 -3168 -5051 616 -265 -4096.00 -337.68 158.00 154 
616 15272 108 -1768 2104 -856 -4096.00 -337.01 153.00 155 
1084 16632 1208 -884 666 1809 -4096.00 -337.01 156.00 155 
3212 17352 -744 810 369 5271 -4096.00 -336.34 157.00 154 
4464 17144 -2820 2121 -1226 6286 -4096.00 -334.33 156.00 154 
4644 14604 -1884 4023 -867 6642 -4096.00 -333.66 157.00 154 
3908 13716 -136 3140 204 3356 -4096.00 -332.99 153.00 155 
3360 16228 492 -543 -58 -411 -4096.00 -335.00 156.00 155 
5092 18288 -284 -2279 431 2541 -4096.00 -332.32 152.00 155 
4956 16212 -1756 -1951 725 4579 -4096.00 -330.31 150.00 155 
6032 18644 -1748 -1084 2028 5733 -4096.00 -327.63 148.00 155 
6296 18992 624 -1584 4116 5478 -4096.00 -324.95 153.00 154 
4196 17572 3720 -2119 2781 3959 -4096.00 -321.60 157.00 153 
2168 15240 4964 -2778 332 3441 -4096.00 -318.92 156.00 153 
1744 14760 2060 -1934 -1358 5099 -4096.00 -315.57 156.00 153 
2820 14548 -1596 407 -921 7296 -4096.00 -315.57 155.00 153 
4716 16396 -1756 1914 1477 7599 -4096.00 -314.23 153.00 154 
4956 17672 -1116 1476 2118 6749 -4096.00 -311.55 156.00 153 
4388 16400 1560 -802 1703 5421 -4096.00 -309.54 157.00 153 
3308 13940 1364 -3233 546 2531 -4096.00 -307.53 159.00 152 
3416 14972 860 -3587 -242 713 -4096.00 -306.19 158.00 152 
3796 17096 -156 -411 -1123 3704 -4096.00 -305.52 159.00 152 
3396 13584 -284 1008 -1583 5034 -4096.00 -303.51 154.00 153 
3632 14676 612 445 -1780 3972 -4096.00 -302.84 157.00 152 
3184 15620 124 -933 -1724 2300 -4096.00 -303.51 155.00 152 
3404 16448 -564 -1559 -1251 1413 -4096.00 -305.52 153.00 153 
3412 14944 -292 -1295 -690 657 -4096.00 -305.52 153.00 153 
3412 14628 -628 -708 38 181 -4096.00 -304.85 152.00 153 
3764 14668 -388 -161 31 120 -4096.00 -302.84 151.00 153 
3604 14160 -828 -145 -644 85 -4096.00 -303.51 153.00 153 
3660 14560 -2016 24 -505 -136 -4096.00 -303.51 150.00 153 
3564 15344 -2096 379 5 -581 -4096.00 -302.17 154.00 152 
3196 16072 -1072 597 393 -270 -4096.00 -303.51 154.00 153 
2840 15924 -1180 550 563 289 -4096.00 -303.51 154.00 153 
2556 15284 -620 639 289 -23 -4096.00 -302.17 153.00 153 
2600 15976 -1080 555 -124 83 -4096.00 -300.83 153.00 153 
2560 15352 -1588 191 -136 140 -4096.00 -302.17 154.00 152 
2772 14932 -1928 212 287 23 -4096.00 -302.17 152.00 153 
3072 15252 -1448 551 331 -141 -4096.00 -301.50 154.00 152 
2920 15700 -1048 874 -59 -128 -4096.00 -302.17 155.00 152 
2340 15020 -340 721 -597 -19 -4096.00 -301.50 156.00 152 
1800 15076 -928 238 -666 -225 -4096.00 -301.50 154.00 152 
1700 14672 -1144 417 -790 169 -4096.00 -301.50 156.00 152 
1824 15280 -1136 844 -760 430 -4096.00 -302.17 153.00 153 
1940 15988 -1608 730 -668 707 -4096.00 -302.84 152.00 153 
1760 16044 -1464 167 -589 442 -4096.00 -304.18 153.00 153 
1480 16016 -1300 -417 -525 184 -4096.00 -304.18 151.00 153 
1096 15736 -1804 -581 -403 157 -4096.00 -302.84 152.00 153 
1188 15768 -1840 -622 262 956 -4096.00 -304.18 152.00 153 
1388 15832 -1348 -308 753 1560 -4096.00 -304.85 152.00 153 
1840 16292 -1396 -147 606 1552 -4096.00 -304.18 154.00 153 
1900 16052 -1096 53 189 1412 -4096.00 -302.17 152.00 153 
1480 15472 -1068 331 -105 872 -4096.00 -302.17 155.00 152 
1388 15560 -1040 665 -362 910 -4096.00 -304.85 151.00 153 
1180 15400 -1180 568 -561 1010 -4096.00 -302.17 155.00 152 
1484 15800 -1736 312 -652 834 -4096.00 -302.84 151.00 153 
1620 16496 -1296 202 -529 681 -4096.00 -304.18 153.00 153 
1668 16492 -1176 -187 -446 455 -4096.00 -305.52 153.00 153 
1660 16460 -796 -766 -368 313 -4096.00 -304.85 152.00 153 
1644 16004 -1124 -994 -206 498 -4096.00 -304.18 153.00 153 
1564 15428 -1672 -1199 -37 403 -4096.00 -304.18 151.00 153 
1664 15704 -1236 -815 35 585 -4096.00 -304.85 153.00 153 
1764 15648 -884 -569 49 586 -4096.00 -303.51 151.00 153 
1608 15680 -904 -668 58 561 -4096.00 -303.51 153.00 153 
1748 15612 -1124 -879 -151 483 -4096.00 -304.18 151.00 153 
1708 15756 -1152 -744 -296 370 -4096.00 -304.85 149.00 153 
1644 16024 -1232 -575 -244 567 -4096.00 -303.51 152.00 153 
1636 15968 -928 -567 -117 468 -4096.00 -304.85 151.00 153 
1600 16128 -924 -482 -59 230 -4096.00 -305.52 153.00 153 
1560 16100 -1056 -283 -40 357 -4096.00 -304.85 153.00 153 
1616 16232 -1060 -288 -82 242 -4096.00 -304.85 151.00 153 
1588 16120 -1236 -570 -132 301 -4096.00 -304.85 152.00 153 
1360 15880 -1068 -857 -242 -9 -4096.00 -305.52 150.00 153 
1236 15640 -900 -886 -271 39 -4096.00 -305.52 151.00 153 
1160 15464 -1048 -760 -383 89 -4096.00 -306.19 151.00 153 
1196 15680 -1016 -644 -276 125 -4096.00 -304.18 149.00 153 
1320 16020 -1084 -276 -181 328 -4096.00 -304.85 153.00 153 
1500 15876 -1120 -338 -284 157 -4096.00 -304.85 150.00 153 
1600 16204 -944 -236 -396 203 -4096.00 -304.18 148.00 154 
1512 15984 -976 -483 -420 67 -4096.00 -306.19 149.00 154 
1336 15780 -880 -612 -322 -293 -4096.00 -306.86 149.00 154 
1112 15720 -832 -330 -296 56 -4096.00 -305.52 149.00 154 
1344 15468 -764 -171 -396 108 -4096.00 -306.19 150.00 153 
1608 16132 -1020 -149 -509 351 -4096.00 -305.52 149.00 154 
1656 16336 -1072 -203 -702 324 -4096.00 -305.52 149.00 154 
1464 16288 -1404 -369 -678 169 -4096.00 -306.19 150.00 153 
1248 15588 -1152 -283 -666 102 -4096.00 -306.86 147.00 154 
1108 15728 -1136 -468 -592 348 -4096.00 -306.19 149.00 154 
1204 15712 -944 -571 -487 400 -4096.00 -307.53 146.00 154 
1280 15812 -872 -820 -575 274 -4096.00 -308.20 146.00 154 
1028 15700 -896 -938 -579 213 -4096.00 -308.20 144.00 154 
436 15628 92 -909 -81 216 -4096.00 -306.86 144.00 154 
1024 15016 -1432 -1166 -318 223 -4096.00 -306.86 147.00 154 
1204 15760 -460 -1032 -652 121 -4096.00 -306.86 144.00 154 
1328 15952 -1024 -960 -589 308 -4096.00 -306.86 143.00 155 
1284 15448 -828 -1079 -403 180 -4096.00 -308.87 144.00 155 
980 15284 -748 -537 -193 110 -4096.00 -308.20 141.00 155 
948 15576 -276 -420 68 155 -4096.00 -308.87 145.00 154 
1228 15740 -888 -309 -43 434 -4096.00 -308.20 144.00 154 
1140 15620 -1156 -414 -225 393 -4096.00 -307.53 142.00 155 
1192 15732 -1224 -169 -317 514 -4096.00 -306.19 145.00 154 
1236 15704 -1092 276 -166 588 -4096.00 -306.86 145.00 154 
1300 15912 -1036 764 -243 558 -4096.00 -307.53 144.00 154 
1452 16124 -1064 559 -602 551 -4096.00 -308.20 141.00 155 
1364 16028 -1152 387 -695 392 -4096.00 -309.54 144.00 155 
1376 15876 -1200 440 -733 288 -4096.00 -308.87 142.00 155 
1160 15852 -1096 327 -763 220 -4096.00 -308.87 141.00 155 
1204 16084 -1336 96 -657 281 -4096.00 -310.88 142.00 155 
1080 15796 -1184 173 -357 412 -4096.00 -308.20 141.00 155 
1284 15988 -1100 -355 -308 269 -4096.00 -309.54 141.00 155 
1348 15976 -1288 -903 -395 502 -4096.00 -309.54 140.00 155 
1128 15808 -1216 -1149 -528 368 -4096.00 -308.20 140.00 155 
1068 15700 -1232 -843 -426 525 -4096.00 -310.21 141.00 155 
1088 15744 -1320 -966 -362 355 -4096.00 -309.54 138.00 155 
1076 15936 -996 -946 -287 478 -4096.00 -310.88 139.00 155 
1044 15908 -1244 -1488 -164 419 -4096.00 -310.21 136.00 156 
1048 15920 -960 -1249 -220 360 -4096.00 -309.54 138.00 155 
1044 15808 -1020 -1165 -380 507 -4096.00 -309.54 140.00 155 
980 15564 -796 -1321 -229 506 -4096.00 -308.87 138.00 155 
1344 15808 -1212 -1049 -195 322 -4096.00 -310.88 140.00 155 
1336 15928 -1076 -473 -112 337 -4096.00 -310.21 137.00 156 
1296 15900 -1008 -379 -78 467 -4096.00 -310.21 137.00 156 
1372 15880 -940 -685 -202 370 -4096.00 -310.21 138.00 156 
1328 15608 -744 -723 -349 461 -4096.00 -312.22 138.00 156 
1248 15456 -652 -157 -247 606 -4096.00 -309.54 139.00 155 
1276 15636 -952 70 -123 504 -4096.00 -310.21 139.00 155 
1348 15912 -1152 -25 -381 499 -4096.00 -309.54 139.00 155 
1308 15820 -1212 -206 -412 455 -4096.00 -310.21 137.00 156 
1272 16108 -1288 -376 -224 479 -4096.00 -309.54 137.00 156 
1348 16020 -1156 -122 -1 617 -4096.00 -310.88 137.00 156 
1224 15868 -864 -100 -31 570 -4096.00 -310.88 138.00 156 
1188 15520 -1096 -61 -97 433 -4096.00 -311.55 137.00 156 
1380 15820 -1192 -123 -217 568 -4096.00 -311.55 138.00 156 
1456 15664 -1028 -325 -152 482 -4096.00 -310.21 139.00 155 
1520 16168 -1160 -496 -258 376 -4096.00 -311.55 136.00 156 
1408 15876 -1248 -309 -218 518 -4096.00 -308.87 141.00 155 
1284 16044 -1196 -396 -157 332 -4096.00 -311.55 134.00 156 
1272 15904 -1116 -513 -241 346 -4096.00 -310.21 133.00 156 
1212 15712 -892 -668 -291 334 -4096.00 -310.88 136.00 156 
1208 15896 -1208 -610 -136 405 -4096.00 -312.22 136.00 156 
1220 15876 -1040 -580 -35 366 -4096.00 -310.88 136.00 156 
1412 16056 -920 -601 23 292 -4096.00 -311.55 135.00 156 
1396 15912 -1192 -777 -99 278 -4096.00 -310.88 137.00 156 
1208 15704 -1060 -658 -49 307 -4096.00 -310.21 136.00 156 
1260 15856 -1080 -667 62 450 -4096.00 -310.21 136.00 156 
1420 15840 -1192 -654 -22 319 -4096.00 -310.21 138.00 156 
1316 15932 -1244 -791 9 335 -4096.00 -311.55 137.00 156 
1168 15452 -1072 -525 110 408 -4096.00 -313.56 138.00 156 
1248 15432 -1008 -388 70 549 -4096.00 -310.88 137.00 156 
1284 15800 -956 -261 -14 524 -4096.00 -310.21 135.00 156 
1464 16048 -1064 -296 -92 527 -4096.00 -310.88 138.00 156 
1444 15940 -1144 -326 -7 421 -4096.00 -310.21 139.00 155 
1256 15928 -956 -420 -30 340 -4096.00 -310.88 138.00 156 
1212 15932 -1032 -661 -12 271 -4096.00 -308.87 138.00 155 
996 15584 -892 -829 123 363 -4096.00 -310.88 137.00 156 
1100 15604 -1000 -568 125 414 -4096.00 -312.22 135.00 156 
1292 15748 -892 -120 147 636 -4096.00 -310.21 134.00 156 
1376 15808 -1240 -280 -39 694 -4096.00 -308.87 136.00 156 
1300 15948 -956 -71 -231 519 -4096.00 -310.21 138.00 156 
1264 16140 -904 -171 -361 405 -4096.00 -310.21 137.00 156 
1268 16292 -632 -121 -227 339 -4096.00 -311.55 136.00 156 
1704 16012 -1156 -109 -259 192 -4096.00 -310.88 138.00 156 
1640 16272 -1360 -718 -13 297 -4096.00 -310.21 136.00 156 
1368 15720 -588 -336 6 286 -4096.00 -311.55 137.00 156 
1204 15892 -1252 -1011 156 485 -4096.00 -310.88 137.00 156 
1148 15440 -724 -1093 -51 671 -4096.00 -310.88 138.00 156 
1512 15652 -1020 -1120 -220 400 -4096.00 -310.88 137.00 156 
1284 15532 -1108 -996 -135 433 -4096.00 -310.21 137.00 156 
1348 15956 -1204 -721 -51 336 -4096.00 -308.20 138.00 155 
1308 15888 -772 -454 -174 529 -4096.00 -310.21 136.00 156 
1232 16088 -1028 -84 -219 180 -4096.00 -310.88 135.00 156 
1232 15868 -896 1 -208 226 -4096.00 -309.54 135.00 156 
1188 15840 -948 -213 -217 217 -4096.00 -310.88 138.00 156 
1252 15844 -892 -351 267 267 -4096.00 -311.55 136.00 156 
1272 15716 -908 -357 168 -2 -4096.00 -312.22 136.00 156 
1336 15500 -1004 -222 -114 254 -4096.00 -309.54 135.00 156 
1508 15600 -1440 -482 -67 358 -4096.00 -312.22 138.00 156 
1432 15944 -904 -724 217 236 -4096.00 -310.21 136.00 156 
1376 15928 -752 -897 74 486 -4096.00 -309.54 137.00 156 
1320 15888 -884 -1212 -53 416 -4096.00 -309.54 135.00 156 
1308 15756 -1328 -1011 -284 274 -4096.00 -310.21 135.00 156 
1316 16052 -888 -746 -185 242 -4096.00 -309.54 134.00 156 
1316 15868 -960 -767 12 339 -4096.00 -308.87 135.00 156 
1292 15908 -804 -897 87 275 -4096.00 -311.55 137.00 156 
1288 16328 -548 -947 181 646 -4096.00 -310.88 136.00 156 
1228 15764 -744 -887 126 432 -4096.00 -310.88 135.00 156 
1304 15980 -956 -865 68 297 -4096.00 -310.88 134.00 156 
1420 15724 -816 -600 -53 299 -4096.00 -312.22 133.00 156 
1348 15948 -1232 -906 -230 165 -4096.00 -309.54 135.00 156 
1292 15888 -812 -981 -200 282 -4096.00 -313.56 136.00 156 
1332 15908 -684 -1198 -208 288 -4096.00 -312.22 136.00 156 
1124 15880 -380 -986 -166 449 -4096.00 -310.88 135.00 156 
1180 15572 -344 -553 -207 474 -4096.00 -309.54 139.00 155 
1636 19128 -2368 -346 56 524 -4096.00 -310.21 134.00 156 
1372 16164 -244 -111 -227 454 -4096.00 -312.89 136.00 156 
1480 15752 -944 -816 -313 265 -4096.00 -310.21 137.00 156 
1308 15592 -452 -703 25 474 -4096.00 -312.89 135.00 156 
1268 15736 -480 -361 -105 405 -4096.00 -310.88 133.00 156 
1240 15840 -672 25 -241 566 -4096.00 -311.55 132.00 157 
1276 16028 -776 254 -264 511 -4096.00 -310.21 134.00 156 
1360 16168 -960 150 -135 552 -4096.00 -312.22 136.00 156 
1256 15916 -808 -141 -223 286 -4096.00 -312.22 136.00 156 
1124 15788 -468 -471 -212 335 -4096.00 -310.88 136.00 156 
1160 16168 -904 -541 -118 530 -4096.00 -311.55 133.00 156 
1340 16200 -812 -1147 -49 421 -4096.00 -311.55 134.00 156 
1232 15832 -356 -796 -145 368 -4096.00 -312.22 133.00 156 
1364 15936 -560 -594 -184 192 -4096.00 -308.20 134.00 156 
1388 16148 -740 -891 -77 217 -4096.00 -310.88 135.00 156 
1292 15832 -592 -636 -69 497 -4096.00 -310.88 133.00 156 
1208 15796 -704 -577 8 297 -4096.00 -311.55 134.00 156 
1188 16012 -808 -1012 -37 235 -4096.00 -310.88 133.00 156 
1380 15888 -556 -889 -68 255 -4096.00 -311.55 132.00 157 
1412 16088 -752 -893 -221 82 -4096.00 -312.22 136.00 156 
1280 15696 -660 -536 -336 -10 -4096.00 -311.55 135.00 156 
1372 16072 -488 -564 -215 -1 -4096.00 -310.88 131.00 157 
1136 15556 -712 -453 -248 -71 -4096.00 -310.88 131.00 157 
1188 15748 -532 -442 -138 80 -4096.00 -311.55 136.00 156 
1200 15468 -520 -75 -256 264 -4096.00 -312.22 134.00 156 
1264 15784 -480 8 -204 440 -4096.00 -311.55 134.00 156 
1332 15704 -664 41 -105 264 -4096.00 -310.88 131.00 157 
1312 15944 -600 90 -122 238 -4096.00 -313.56 133.00 157 
1168 15616 -628 -245 -42 307 -4096.00 -312.22 132.00 157 
1368 15940 -516 -108 -101 346 -4096.00 -310.88 134.00 156 
1324 16112 -724 -244 -133 319 -4096.00 -312.22 133.00 156 
1100 16128 -640 -469 -126 185 -4096.00 -311.55 132.00 157 
964 15848 -292 -434 -85 263 -4096.00 -312.22 131.00 157 
1000 15780 -668 -615 -78 240 -4096.00 -311.55 133.00 156 
1152 15880 -856 -420 -68 360 -4096.00 -310.88 134.00 156 
1104 15824 -1040 -511 -44 229 -4096.00 -310.88 134.00 156 
1248 16084 -788 -613 5 270 -4096.00 -310.21 132.00 156 
1160 15736 -560 -674 156 457 -4096.00 -313.56 132.00 157 
1124 15844 -608 -714 81 343 -4096.00 -312.22 132.00 157 
1268 15744 -540 -654 -38 277 -4096.00 -310.21 133.00 156 
1148 15848 -428 -537 -95 295 -4096.00 -310.21 133.00 156 
1108 15620 -684 -434 -92 357 -4096.00 -312.22 132.00 157 
1076 15712 -652 -387 -66 396 -4096.00 -312.22 134.00 156 
1112 15900 -664 -289 -156 464 -4096.00 -313.56 134.00 156 
1164 15872 -756 -295 -151 387 -4096.00 -310.88 132.00 156 
1080 15936 -672 -301 -113 435 -4096.00 -310.88 132.00 156 
1132 15748 -772 -227 -44 531 -4096.00 -314.90 135.00 156 
1144 15832 -688 -201 -72 387 -4096.00 -313.56 133.00 157 
1288 16060 -752 -417 -164 409 -4096.00 -310.21 130.00 157 
1272 15944 -608 -588 -270 402 -4096.00 -311.55 132.00 157 
1160 15804 -628 -715 -67 525 -4096.00 -311.55 131.00 157 
1128 15808 -616 -548 19 440 -4096.00 -312.89 134.00 156 
1244 15928 -412 -442 19 452 -4096.00 -312.22 132.00 157 
1104 15912 -504 -441 85 359 -4096.00 -310.88 130.00 157 
1160 15780 -600 -555 23 339 -4096.00 -312.22 133.00 156 
1252 15736 -656 -474 -58 291 -4096.00 -311.55 132.00 157 
1120 15740 -764 -314 -93 311 -4096.00 -314.23 131.00 157 
1232 15788 -588 -47 -49 360 -4096.00 -312.22 129.00 157 
1048 15916 -780 23 -55 410 -4096.00 -310.21 131.00 157 
1128 15988 -688 -48 -117 464 -4096.00 -310.21 132.00 156 
1228 16168 -932 -177 22 468 -4096.00 -311.55 131.00 157 
1200 16024 -796 -438 -63 270 -4096.00 -310.88 134.00 156 
1176 15844 -780 -563 -60 202 -4096.00 -312.89 130.00 157 
996 15888 -456 -617 27 268 -4096.00 -311.55 132.00 157 
1084 15816 -652 -280 76 379 -4096.00 -312.89 133.00 156 
1188 15584 -792 -126 28 446 -4096.00 -309.54 130.00 157 
1284 15892 -760 -326 -30 405 -4096.00 -311.55 131.00 157 
1412 16088 -680 -372 -190 327 -4096.00 -311.55 135.00 156 
1220 16056 -852 -395 -225 219 -4096.00 -312.22 130.00 157 
1136 15832 -740 -433 -331 183 -4096.00 -313.56 132.00 157 
1052 15872 -832 -212 -288 316 -4096.00 -312.22 131.00 157 
964 15888 -812 -252 -106 267 -4096.00 -311.55 133.00 156 
1188 15796 -940 -233 -64 336 -4096.00 -312.22 132.00 157 
1192 15904 -848 -407 -20 296 -4096.00 -312.89 132.00 157 
1200 15952 -1004 -468 -55 314 -4096.00 -312.22 130.00 157 
1224 15892 -804 -446 -102 503 -4096.00 -312.22 132.00 157 
1124 15904 -868 -594 -161 364 -4096.00 -312.22 132.00 157 
1172 15928 -600 -616 -100 393 -4096.00 -312.22 132.00 157 
1084 15736 -812 -522 -37 395 -4096.00 -312.22 131.00 157 
1120 15896 -544 -404 40 448 -4096.00 -310.88 133.00 156 
1088 15788 -620 -456 3 408 -4096.00 -311.55 131.00 157 
1124 15936 -864 -619 -190 246 -4096.00 -311.55 132.00 157 
1176 15816 -764 -505 -119 360 -4096.00 -312.89 131.00 157 
964 15960 -684 -676 -37 300 -4096.00 -311.55 130.00 157 
1016 15880 -768 -714 -10 285 -4096.00 -312.22 129.00 157 
1036 15800 -728 -636 70 358 -4096.00 -312.22 131.00 157 
1092 15924 -508 -407 123 363 -4096.00 -312.22 133.00 156 
1096 16128 -688 -376 28 335 -4096.00 -310.88 133.00 156 
1200 15944 -760 -516 -27 257 -4096.00 -312.22 132.00 157 
1264 15800 -884 -515 -7 274 -4096.00 -312.22 130.00 157 
1096 15688 -504 -527 -118 305 -4096.00 -313.56 131.00 157 
1160 15752 -552 -352 -46 447 -4096.00 -312.22 133.00 156 
1052 15780 -828 -335 62 361 -4096.00 -312.22 133.00 156 
1192 15916 -584 -346 178 472 -4096.00 -312.22 132.00 157 
1248 16084 -624 -552 153 457 -4096.00 -312.89 131.00 157 
1104 15988 -620 -901 -36 386 -4096.00 -312.89 133.00 156 
1092 15712 -452 -893 -144 253 -4096.00 -311.55 131.00 157 
1152 15940 -860 -1099 -309 243 -4096.00 -312.89 133.00 156 
1228 15836 -860 -1552 -237 337 -4096.00 -311.55 133.00 156 
980 15736 -532 -1577 -83 248 -4096.00 -310.88 134.00 156 
936 16156 -676 -1271 291 616 -4096.00 -311.55 132.00 157 
1168 15692 -516 -1116 406 737 -4096.00 -311.55 131.00 157 
1312 16016 -332 -709 294 493 -4096.00 -310.88 130.00 157 
1140 15984 -408 -401 163 363 -4096.00 -309.54 133.00 156 
1344 16000 -324 -268 122 439 -4096.00 -312.22 132.00 157 
940 16044 20 -377 -56 392 -4096.00 -312.22 133.00 156 
1292 15896 -296 -275 -260 280 -4096.00 -310.21 129.00 157 
1052 15996 -788 29 -353 363 -4096.00 -310.88 130.00 157 
1164 15872 -620 264 -112 323 -4096.00 -312.22 131.00 157 
1068 16080 -576 404 36 306 -4096.00 -312.22 132.00 157 
996 15932 -332 305 -47 311 -4096.00 -310.88 130.00 157 
948 15732 -720 -327 -293 369 -4096.00 -310.21 133.00 156 
1008 15860 -756 45 -13 384 -4096.00 -312.22 131.00 157 
1172 16040 -812 45 110 293 -4096.00 -312.22 132.00 157 
1248 16228 -524 -297 -109 343 -4096.00 -311.55 133.00 156 
1140 16024 -640 -660 -255 238 -4096.00 -312.89 134.00 156 
1164 15792 -824 -538 -102 247 -4096.00 -312.89 133.00 156 
1008 15712 -944 -242 96 284 -4096.00 -311.55 131.00 157 
920 15748 -380 -290 34 273 -4096.00 -311.55 131.00 157 
1224 15888 -624 -479 -232 248 -4096.00 -311.55 132.00 157 
1192 15876 -856 -595 -263 554 -4096.00 -313.56 131.00 157 
1384 15876 -820 -1200 -417 508 -4096.00 -310.21 132.00 156 
1116 16160 -508 -1876 -56 677 -4096.00 -310.21 134.00 156 
1060 15988 -492 -2283 -134 619 -4096.00 -312.89 130.00 157 
984 15724 -372 -2037 -197 706 -4096.00 -310.88 129.00 157 
888 15860 -52 -1116 -131 360 -4096.00 -311.55 130.00 157 
1120 16072 -96 -702 -309 264 -4096.00 -311.55 133.00 156 
956 15984 -296 -452 -325 367 -4096.00 -312.22 132.00 157 
1048 15824 -400 -256 -9 316 -4096.00 -312.22 130.00 157 
